	score	SE	SE_pctile	slope	intercept	SE_slope	t	pvalue_raw
AACTCAGAACCAACTA	-0.367228631639	0.317850393894	36.7927058193	-0.367228631639	-13.7268169438	0.317850393894	-1.15535056333	0.367330920109
AACTCAGACCACGGCA	0.42687194037	0.298050880761	33.9769375168	0.42687194037	-14.4221578259	0.298050880761	1.43221163876	0.288436374718
AACTCAGATAAACAAC	-0.271425023306	0.463043532771	58.7556985787	-0.271425023306	-14.3897606831	0.463043532771	-0.586176037664	0.617099354256
AACTCAGATACGGATA	0.578207900948	0.321553111653	37.2485921158	0.578207900948	-13.4557647575	0.321553111653	1.79817230807	0.21397138083
AACTCAGATGATTATA	-0.0346369704607	0.345623300559	41.3515687852	-0.0346369704607	-15.3080019405	0.345623300559	-0.100215958833	0.929313873081
AATACCGAACCAACTA	-0.0242552773462	0.743817043138	85.7602574417	-0.0242552773462	-14.1617738898	0.743817043138	-0.0326091981489	0.976947942203
AATACCGACAGATAAA	0.226720172493	0.343329760242	40.8420488067	0.226720172493	-13.9764762856	0.343329760242	0.660356889345	0.57690906297
AATACCGACTCCTCGC	0.480980897099	0.514867083351	65.9962456423	0.480980897099	-14.8226262233	0.514867083351	0.934184593756	0.448827553267
AATACCGATACGGATA	0.911444273438	0.415454834747	52.2928399035	0.911444273438	-14.0735478545	0.415454834747	2.19384683294	0.159498953339
AATACCGATGATTATA	1.5219796506	0.443994320372	56.3689997318	1.5219796506	-15.6522679411	0.443994320372	3.42792594582	0.0755798529152
AATTCCCGCGAGATAT	0.0681043466472	0.592164643584	74.3631000268	0.0681043466472	-15.0063457836	0.592164643584	0.115009140422	0.918943849703
ACAGAGTTACCAACTA	0.0551813808954	0.344918635368	41.0029498525	0.0551813808954	-13.5757495026	0.344918635368	0.159983762073	0.887591379528
ACAGAGTTACGATAGC	0.812852269341	0.618901898469	76.8302493966	0.812852269341	-15.5729744273	0.618901898469	1.31337821285	0.319498847466
ACAGAGTTAGCAATCA	0.633576242846	0.244715069253	24.7787610619	0.633576242846	-14.6185724383	0.244715069253	2.58903648549	0.122391266886
ACAGAGTTCAGATAAA	-0.0598948262233	0.901518126518	91.9817645481	-0.0598948262233	-14.474055144	0.901518126518	-0.0664377392551	0.953073178939
ACAGAGTTCCACGGCA	0.0665258479713	0.336457693302	39.7693751676	0.0665258479713	-13.7914725243	0.336457693302	0.197724258638	0.861534608328
ACAGAGTTCGAGATAT	-0.0638008081224	1.23770296213	97.2646822204	-0.0638008081224	-14.8967239493	1.23770296213	-0.051547754247	0.963574422632
ACAGAGTTCTCCTCGC	0.365630510597	0.305252047906	35.1300616787	0.365630510597	-13.5800583082	0.305252047906	1.19779871456	0.353694187259
ACAGAGTTGTAAGAAT	-0.0868124959441	0.423726269318	53.2850630196	-0.0868124959441	-14.3626822176	0.423726269318	-0.204878720604	0.856625600399
ACAGAGTTTACGGATA	0.129631750455	0.336337903916	39.340305712	0.129631750455	-13.2237604701	0.336337903916	0.385421175984	0.737056225994
ACAGAGTTTATACTTA	0.701669663482	0.379026889202	46.4199517297	0.701669663482	-15.5289463292	0.379026889202	1.85123980243	0.205343911691
ACAGAGTTTGATTATA	-0.409791005574	0.372215576953	45.4009117726	-0.409791005574	-13.7409972621	0.372215576953	-1.10095071498	0.385709416945
ACAGTGCTACCAACTA	-0.743577110975	0.254102387925	25.6100831322	-0.743577110975	-13.6019646151	0.254102387925	-2.92628934756	0.0996318053891
ACAGTGCTACGATAGC	0.250690875179	0.132435374928	8.90319120408	0.250690875179	-13.277990652	0.132435374928	1.89292985591	0.198887381327
ACAGTGCTAGCAATCA	0.782497790675	0.278859683504	30.6248323947	0.782497790675	-15.7074012874	0.278859683504	2.80606282286	0.107000779249
ACAGTGCTCAGATAAA	0.912381508123	0.116058314339	7.50871547332	0.912381508123	-14.4998076322	0.116058314339	7.86140582272	0.0157983572319
ACAGTGCTCCACGGCA	-0.673166382779	0.841747557315	90.0241351569	-0.673166382779	-14.2538862302	0.841747557315	-0.799724783195	0.507762373525
ACAGTGCTCCTATTTA	-0.45914477483	1.2277042991	97.1842316975	-0.45914477483	-14.0375660845	1.2277042991	-0.373986451923	0.744340112146
ACAGTGCTCGAGATAT	0.958109770594	0.281908137851	31.0002681684	0.958109770594	-13.5502095183	0.281908137851	3.39865949914	0.076740459622
ACAGTGCTCTCCTCGC	0.952159219361	0.126744282309	8.39367122553	0.952159219361	-14.2782785046	0.126744282309	7.51244318097	0.0172614831027
ACAGTGCTGTAAGAAT	0.882437418166	0.396335178634	49.45025476	0.882437418166	-14.0943899341	0.396335178634	2.2264927913	0.155884529772
ACAGTGCTTACGGATA	-0.486673177226	0.338680195914	40.2520783052	-0.486673177226	-13.5958895629	0.338680195914	-1.43696969323	0.287272292329
ACAGTGCTTGATTATA	-1.11847251048	0.291100369103	32.582461786	-1.11847251048	-14.613777764	0.291100369103	-3.84222292101	0.0615505794879
ACATCCCGCAGATAAA	-1.27857066836	0.578454255042	73.1563421829	-1.27857066836	-14.1166217742	0.578454255042	-2.2103228686	0.157660593457
ACATCCCGCGAGATAT	0.575322659632	0.744436472101	85.8943416466	0.575322659632	-15.2184575061	0.744436472101	0.772829759412	0.520459120352
ACATCCCGTACGGATA	0.316486825615	0.272224315731	27.9699651381	0.316486825615	-15.4673916857	0.272224315731	1.16259572465	0.364960465054
ACCCGAAATACGGATA	1.25199695942	1.42881754934	98.3641727005	1.25199695942	-14.8970754236	1.42881754934	0.876246907802	0.473305882614
ACCGACAGACCAACTA	0.223091819173	0.756383904071	86.4574953071	0.223091819173	-14.8790030769	0.756383904071	0.294945222885	0.79583518332
ACCGACAGCAGATAAA	-0.0346369704607	0.345623300559	41.3515687852	-0.0346369704607	-15.3080019405	0.345623300559	-0.100215958833	0.929313873081
ACCTCCCGACCAACTA	-0.573303127743	0.224607828355	20.7830517565	-0.573303127743	-15.1078840978	0.224607828355	-2.55246280568	0.125287357654
ACCTCCCGCAGATAAA	1.37085197744	0.565153182695	71.9764011799	1.37085197744	-14.7637174626	0.565153182695	2.42562904964	0.136106923409
ACCTCCCGCGAGATAT	-0.052606647294	0.49178692525	63.0732099759	-0.052606647294	-13.9433225425	0.49178692525	-0.106970406477	0.924575955533
ACCTCCCGTACGGATA	-0.531165093147	0.560457366986	71.3327969965	-0.531165093147	-14.7787775568	0.560457366986	-0.947735054325	0.44329818342
ACGGCCATACCAACTA	-0.679997199351	0.338025869756	40.0643604183	-0.679997199351	-13.2297461279	0.338025869756	-2.01167206475	0.181924280075
ACGGCCATCCACGGCA	0.155548766773	0.879241658734	91.3381603647	0.155548766773	-14.6226462976	0.879241658734	0.176912416772	0.87587150364
ACGGCCATCGAGATAT	0.169278265427	0.465664102346	59.1311343524	0.169278265427	-13.9347341189	0.465664102346	0.363520109397	0.751045556749
ACGGCCATGTACCGGC	0.390658113745	0.34900126553	42.1828908555	0.390658113745	-14.577403465	0.34900126553	1.11936016379	0.379373941623
ACGGCCATTACGGATA	0.445132230266	0.436433141575	54.8136229552	0.445132230266	-14.4161990755	0.436433141575	1.01993223672	0.415053927183
ACGGCCATTGATTATA	0.285347883613	0.34020677803	40.439796192	0.285347883613	-13.6383291122	0.34020677803	0.838748379045	0.489884406123
ACGTCCCGACCAACTA	-1.11775274485	0.726500959054	84.9289353714	-1.11775274485	-13.6286279815	0.726500959054	-1.5385426969	0.263772039664
ACGTCCCGACGATAGC	-0.139185149481	0.384791045617	47.3317243229	-0.139185149481	-14.6330251641	0.384791045617	-0.361716186139	0.752204927821
ACGTCCCGCAGATAAA	0.35782510165	0.625191358156	77.6079377849	0.35782510165	-13.602733342	0.625191358156	0.572344926049	0.624849397218
ACGTCCCGCGAGATAT	0.414060942894	0.439402714907	55.1890587289	0.414060942894	-13.2915954237	0.439402714907	0.942326774158	0.445496286419
ACGTCCCGCTCCTCGC	0.0167451288682	0.686018526411	82.4617860016	0.0167451288682	-15.0697843238	0.686018526411	0.0244091496418	0.982742695078
ACGTCCCGGTAAGAAT	-0.157000578136	0.623950795349	77.3934030571	-0.157000578136	-14.6688341171	0.623950795349	-0.251623332009	0.824826577654
ACGTCCCGTACGGATA	-0.509084638195	0.176280275998	14.3470099222	-0.509084638195	-14.0780403806	0.176280275998	-2.88792739467	0.101902714739
ACTACCCGCAGATAAA	0.662421958439	0.48704927581	62.5100563154	0.662421958439	-14.6112809895	0.48704927581	1.36007174497	0.306824813747
ACTACCCGCGAGATAT	1.20439715815	0.56263836487	71.7618664521	1.20439715815	-14.983689336	0.56263836487	2.14062394843	0.165641866056
ACTATCTTACCAACTA	-0.363937099276	0.65844714588	79.9141861089	-0.363937099276	-13.7054236787	0.65844714588	-0.552720292818	0.63598198874
ACTATCTTACGATAGC	-0.287533507583	0.273158205177	28.2381335479	-0.287533507583	-14.5151846351	0.273158205177	-1.05262628811	0.402920497173
ACTATCTTCCTATTTA	-0.168005090158	0.47367576455	60.0429069456	-0.168005090158	-15.1238269147	0.47367576455	-0.354683736707	0.75673478237
ACTATCTTTACGGATA	-0.386657901422	0.0376659557399	0.750871547332	-0.386657901422	-13.3300808019	0.0376659557399	-10.2654477718	0.0093565441152
ACTATCTTTATACTTA	-0.627880609689	0.336423819909	39.7157414857	-0.627880609689	-14.9642005579	0.336423819909	-1.86633815007	0.202973844378
ACTATCTTTGATTATA	0.124032745941	0.469380782747	59.4261196031	0.124032745941	-14.3515991843	0.469380782747	0.264247601309	0.816327536357
ACTCAGAATACGGATA	-0.406735018752	0.379142941728	46.5004022526	-0.406735018752	-14.2923296722	0.379142941728	-1.07277486665	0.395640981192
ACTCAGACACCAACTA	-1.3001350596	0.406767199961	50.7374631268	-1.3001350596	-14.3886369928	0.406767199961	-3.19626326735	0.0855156571842
ACTCAGACTACGGATA	0.225028387455	0.404927972666	50.576562081	0.225028387455	-13.5443933454	0.404927972666	0.555724481007	0.634267479636
ACTCAGATACCAACTA	-0.371617636612	1.04507980334	95.1997854653	-0.371617636612	-14.385539591	1.04507980334	-0.35558780815	0.756151537887
ACTCAGATAGCAATAA	-0.210166978218	0.086358431572	4.42477876106	-0.210166978218	-15.3832290908	0.086358431572	-2.43365904629	0.135384079429
ACTCAGATTACGGATA	1.08009439882	0.281629649472	30.9734513274	1.08009439882	-15.1217650451	0.281629649472	3.83515869459	0.0617569441283
ACTCCCCGACCAACTA	-1.47132209727	0.0899899754208	4.66613032985	-1.47132209727	-14.1560761349	0.0899899754208	-16.3498444175	0.00372001001294
ACTCCCCGACGATAGC	0.516304096045	0.932760697954	92.8935371413	0.516304096045	-15.4882463861	0.932760697954	0.553522567125	0.635523762523
ACTCCCCGCAGATAAA	0.437825111792	1.02130409364	94.7707160097	0.437825111792	-14.1806524715	1.02130409364	0.428692212749	0.709904194454
ACTCCCCGCGAGATAT	0.598514173429	0.46301463575	58.6484312148	0.598514173429	-14.2567974626	0.46301463575	1.29264633819	0.32532999994
ACTCCCCGGTAAGAAT	-0.134148914752	0.857976248067	90.4532046125	-0.134148914752	-14.8871231008	0.857976248067	-0.156355044857	0.890109865866
ACTGCCCGCAGATAAA	0.345937424673	0.703805701191	83.6685438455	0.345937424673	-13.987023491	0.703805701191	0.491524044331	0.671703610129
ACTGCCCGCGAGATAT	1.42689078239	0.133854850225	9.09090909091	1.42689078239	-14.808227782	0.133854850225	10.6599856486	0.00868559854394
ACTGCCCGGTAAGAAT	-1.12268038208	0.44253647081	55.8326629123	-1.12268038208	-14.6913233218	0.44253647081	-2.53692171411	0.126547069056
ACTGCCCGTACGGATA	-1.44680659673	0.62372572465	77.3397693752	-1.44680659673	-14.1064203868	0.62372572465	-2.31961988988	0.146172934031
ACTTACCGACCAACTA	0.567443857532	1.45370180224	98.4714400644	0.567443857532	-15.096522389	1.45370180224	0.390344055882	0.733934074811
ACTTACCGCAGATAAA	-0.00512296715494	0.306437933387	35.3982300885	-0.00512296715494	-14.5126682518	0.306437933387	-0.0167177969722	0.988179558274
ACTTACCGCGAGATAT	0.765241098793	0.735063102256	85.4652721909	0.765241098793	-14.7292611031	0.735063102256	1.04105497398	0.407169033114
ACTTCACGACCAACTA	-0.735635546081	0.343256651887	40.7884151247	-0.735635546081	-14.5615174596	0.343256651887	-2.14310645412	0.165348215468
ACTTCACGCAGATAAA	-0.0285240213648	0.385296151571	47.4926253687	-0.0285240213648	-14.0544392527	0.385296151571	-0.0740314203724	0.947723459002
ACTTCACGCGAGATAT	-0.878703662502	0.138982369868	9.62724591043	-0.878703662502	-13.4541303473	0.138982369868	-6.32241098881	0.0241156907595
ACTTCCAGACCAACTA	-1.14478360078	0.139918638483	9.81496379726	-1.14478360078	-14.4480165554	0.139918638483	-8.1817805919	0.0146117966034
ACTTCCAGCAGATAAA	0.919034036232	0.268031926853	27.2459104318	0.919034036232	-14.8185309895	0.268031926853	3.42882300263	0.0755446792041
ACTTCCAGCGAGATAT	0.582508189992	0.798221700079	88.817377313	0.582508189992	-14.2215910783	0.798221700079	0.729757396892	0.541436116534
ACTTCCAGTACGGATA	-0.156243692347	1.10286436638	95.8702064897	-0.156243692347	-15.0271021327	1.10286436638	-0.141670813846	0.900322505572
ACTTCCAGTGATTATA	-0.0765533698962	0.53284808233	67.7661571467	-0.0765533698962	-8.69788354847	0.53284808233	-0.143668284516	0.898931371769
ACTTCCCAACGATAGC	-0.792079199481	0.471526897937	59.6674711719	-0.792079199481	-14.4456252769	0.471526897937	-1.67981763701	0.235005852446
ACTTCCCACAGATAAA	1.37437426266	0.306387350725	35.3714132475	1.37437426266	-14.8004710838	0.306387350725	4.48574087477	0.0462748117518
ACTTCCCACGAGATAT	-0.0606461534838	0.663435015152	80.2628050416	-0.0606461534838	-13.6508155712	0.663435015152	-0.0914123495123	0.935496319016
ACTTCCCCCAGATAAA	0.755244290181	0.233710233496	22.418879056	0.755244290181	-15.8280952561	0.233710233496	3.23154137875	0.0838857903038
ACTTCCCCCGAGATAT	1.65371798131	0.100656031141	5.89970501475	1.65371798131	-15.9270366162	0.100656031141	16.4293978469	0.00368426998672
ACTTCCCGAAGATAAA	0.855808931823	0.504953408643	64.8163046393	0.855808931823	-15.4069541834	0.504953408643	1.6948275171	0.232192689742
ACTTCCCGACAAACTA	-0.627880609689	0.336423819909	39.7157414857	-0.627880609689	-14.9642005579	0.336423819909	-1.86633815007	0.202973844378
ACTTCCCGACAGATAA	0.537644163458	0.524650781393	67.1225529633	0.537644163458	-13.1789230614	0.524650781393	1.02476577283	0.413234762289
ACTTCCCGACCAACAA	-0.0364762864107	0.389663437125	48.5116653258	-0.0364762864107	-15.1772198596	0.389663437125	-0.0936097229955	0.933952461961
ACTTCCCGACCAACCA	-0.0242552773462	0.743817043138	85.7602574417	-0.0242552773462	-14.1617738898	0.743817043138	-0.0326091981489	0.976947942203
ACTTCCCGACCAACTA	-0.788323684638	0.0957619081874	5.14883346742	-0.788323684638	-5.16515978327	0.0957619081874	-8.23212172312	0.0144374743227
ACTTCCCGACCAACTC	-0.128906800256	0.531050479047	67.5516224189	-0.128906800256	-14.1116439568	0.531050479047	-0.242739259905	0.830831289197
ACTTCCCGACCAACTG	-0.184402624877	0.169567569373	13.4084204881	-0.184402624877	-14.7717748656	0.169567569373	-1.08748757536	0.390419198699
ACTTCCCGACCATCTA	0.400736506604	0.333537051844	38.7771520515	0.400736506604	-14.6931183547	0.333537051844	1.20147523158	0.352541280632
ACTTCCCGACCGACTA	-0.974189767528	0.593589729842	74.4971842317	-0.974189767528	-13.8941900076	0.593589729842	-1.64118366365	0.242453104203
ACTTCCCGACCTACTA	-1.81484077823	0.492382935952	63.1536604988	-1.81484077823	-14.1163718477	0.492382935952	-3.68583199319	0.0663649414986
ACTTCCCGACGATACC	-0.479532523435	0.424130917138	53.4191472245	-0.479532523435	-14.7113726857	0.424130917138	-1.13062383349	0.375556556266
ACTTCCCGACGATAGC	0.315316626182	0.30548775569	35.2641458836	0.315316626182	-6.39136383779	0.30548775569	1.0321743517	0.410463596486
ACTTCCCGACGATAGT	-0.210166978218	0.086358431572	4.42477876106	-0.210166978218	-15.3832290908	0.086358431572	-2.43365904629	0.135384079429
ACTTCCCGACGTTAGC	1.14479890434	0.296736050048	33.8160364709	1.14479890434	-15.9097162209	0.296736050048	3.8579704224	0.0610941436404
ACTTCCCGAGAGATAT	-0.509800968276	1.02496435428	94.8779833736	-0.509800968276	-14.0304219345	1.02496435428	-0.497384095502	0.668218182939
ACTTCCCGAGCAATCA	-0.235241872709	0.115242607006	7.40144810941	-0.235241872709	-6.54079137459	0.115242607006	-2.04127517435	0.178000659337
ACTTCCCGAGCAATCC	-0.335720322964	0.49270016377	63.6363636364	-0.335720322964	-15.1728864815	0.49270016377	-0.681388697733	0.565940796502
ACTTCCCGATCAACTA	0.148644951618	0.70025279724	83.4540091177	0.148644951618	-15.229452541	0.70025279724	0.212273270745	0.851562958199
ACTTCCCGCAAATAAA	0.277198022474	0.323847271903	37.5972110485	0.277198022474	-14.5831961804	0.323847271903	0.855952933754	0.482205481599
ACTTCCCGCAAGATAT	0.167552682762	0.457912965507	58.0316438724	0.167552682762	-13.8279093023	0.457912965507	0.365905085426	0.749514388323
ACTTCCCGCACATAAA	0.154935243405	0.796412365674	88.73692679	0.154935243405	-14.1535493864	0.796412365674	0.194541483888	0.863721764402
ACTTCCCGCACGGATA	0.365555712937	1.28983410428	97.747385358	0.365555712937	-14.6429107058	1.28983410428	0.283412968943	0.803503715149
ACTTCCCGCAGAAAAA	0.479673931325	0.83929304952	89.83641727	0.479673931325	-14.9605114302	0.83929304952	0.571521391246	0.625313364406
ACTTCCCGCAGACAAA	0.470093835146	0.207695339638	18.5572539555	0.470093835146	-14.369139523	0.207695339638	2.26338172038	0.151934340744
ACTTCCCGCAGATAAA	0.447209341767	0.170629212017	13.46205417	0.447209341767	-4.85714637781	0.170629212017	2.62094243114	0.119940877867
ACTTCCCGCAGATAAC	0.356173199654	0.583185921828	73.5317779566	0.356173199654	-13.5857793224	0.583185921828	0.61073696453	0.603534528645
ACTTCCCGCAGATAAG	0.174361690413	0.47930402614	60.9278626978	0.174361690413	-14.3205620878	0.47930402614	0.363780984311	0.750877982354
ACTTCCCGCAGATAAT	0.42533873343	0.325101656739	37.8921962993	0.42533873343	-14.598036141	0.325101656739	1.30832533337	0.320908289155
ACTTCCCGCAGATACA	0.836291860391	0.238842750342	23.4111021722	0.836291860391	-14.4175615445	0.238842750342	3.50143288501	0.072774103708
ACTTCCCGCAGATAGA	0.0456920688054	0.553736244971	69.8846875838	0.0456920688054	-14.038344749	0.553736244971	0.0825159436832	0.941751484222
ACTTCCCGCAGATATA	1.29171578413	0.25728834334	26.0659694288	1.29171578413	-14.5291837505	0.25728834334	5.02049866451	0.0374589870698
ACTTCCCGCAGATCAA	0.909975866475	0.542687560813	68.9460981496	0.909975866475	-14.8346399317	0.542687560813	1.67679514362	0.235577685806
ACTTCCCGCAGATGAA	0.416310723835	0.471370729064	59.6138374899	0.416310723835	-13.3606330453	0.471370729064	0.883191717615	0.470299438749
ACTTCCCGCAGCTAAA	0.250375192921	1.20294314157	97.0233306516	0.250375192921	-14.5271117916	1.20294314157	0.208135517189	0.854394439072
ACTTCCCGCAGGTAAA	-0.525314404143	1.49652508786	98.7396084741	-0.525314404143	-13.4047570125	1.49652508786	-0.351022784987	0.759099269687
ACTTCCCGCAGTTAAA	0.492161145148	0.555777601534	70.3942075623	0.492161145148	-14.3480537054	0.555777601534	0.885536127741	0.469289012479
ACTTCCCGCCACGGCA	0.606899864899	0.860349860611	90.6677393403	0.606899864899	-8.90600208615	0.860349860611	0.70541054597	0.553645256806
ACTTCCCGCCAGATAT	0.443001723075	0.117292699858	7.61598283722	0.443001723075	-13.9055021553	0.117292699858	3.77689083474	0.0634980733031
ACTTCCCGCCCAACTA	-1.38393452799	0.335939376952	39.28667203	-1.38393452799	-13.9457469642	0.335939376952	-4.11959604304	0.0541795469863
ACTTCCCGCCCCCCCC	1.14302674096	2.27288019231	99.6781979083	1.14302674096	-12.7905608566	2.27288019231	0.502897928727	0.664951035851
ACTTCCCGCCGATAAA	0.0672658648235	0.473556337793	59.8015553768	0.0672658648235	-13.7613755749	0.473556337793	0.142044059925	0.900062514549
ACTTCCCGCCGATAGC	0.374380176013	0.694994053415	82.8908554572	0.374380176013	-14.8310772372	0.694994053415	0.538681121333	0.644043278688
ACTTCCCGCCTATTTA	-0.356640959841	0.103519818905	6.14105658353	-0.356640959841	-7.53903004474	0.103519818905	-3.44514667446	0.0749087252951
ACTTCCCGCGACATAT	-0.264110050426	0.733719772788	85.2775543041	-0.264110050426	-14.1606572214	0.733719772788	-0.359960382998	0.753334395706
ACTTCCCGCGAGACAT	0.1620231209	0.0988336179672	5.55108608206	0.1620231209	-13.6366312309	0.0988336179672	1.63935231991	0.242813661369
ACTTCCCGCGAGATAA	0.0149371570337	0.778976843901	87.7715205149	0.0149371570337	-14.1758214438	0.778976843901	0.0191753543775	0.98644222311
ACTTCCCGCGAGATAC	0.574985144064	0.355927769469	42.9605792438	0.574985144064	-13.2566703411	0.355927769469	1.61545457642	0.247582779704
ACTTCCCGCGAGATAT	0.246090708468	0.184014420914	15.2855993564	0.246090708468	-4.67219380676	0.184014420914	1.33734468878	0.3129153632
ACTTCCCGCGAGATCT	-0.0109398779377	0.487572086307	62.5368731563	-0.0109398779377	-14.0497644092	0.487572086307	-0.0224374574446	0.984136318164
ACTTCCCGCGAGATGT	0.290037729449	0.817541761238	89.2464467686	0.290037729449	-14.1676791326	0.817541761238	0.354768090391	0.756680352022
ACTTCCCGCGAGATTT	-0.381481653389	1.1905647934	96.9428801287	-0.381481653389	-14.2374253817	1.1905647934	-0.320420741066	0.779029082988
ACTTCCCGCGAGCTAT	-0.335720322964	0.49270016377	63.6363636364	-0.335720322964	-15.1728864815	0.49270016377	-0.681388697733	0.565940796502
ACTTCCCGCGAGGTAT	-0.102692656013	0.362883921136	44.0064360418	-0.102692656013	-14.0948376533	0.362883921136	-0.28299037249	0.803785421866
ACTTCCCGCGAGTTAT	0.439279040822	0.36977492995	44.891391794	0.439279040822	-14.5019195986	0.36977492995	1.18796328589	0.356800328788
ACTTCCCGCGATATAT	-0.193351118724	0.502786172328	64.3604183427	-0.193351118724	-14.5148689251	0.502786172328	-0.384559340264	0.737603666715
ACTTCCCGCGCGATAT	-0.0420315708225	0.703254833592	83.5612764816	-0.0420315708225	-14.2095552646	0.703254833592	-0.059767197913	0.957775899608
ACTTCCCGCGGATAAA	-0.424292241822	0.524158715265	66.9884687584	-0.424292241822	-13.7843835799	0.524158715265	-0.80947283612	0.503236274323
ACTTCCCGCGGGATAT	-0.257584039182	0.236203978855	22.9283990346	-0.257584039182	-13.8387833597	0.236203978855	-1.09051524208	0.389354356958
ACTTCCCGCGTGATAT	0.223682438576	0.566626298643	72.0032180209	0.223682438576	-14.0114982416	0.566626298643	0.394761837055	0.731139371245
ACTTCCCGCTAAGAAT	-1.14124417206	0.156110818759	11.6921426656	-1.14124417206	-14.3746991866	0.156110818759	-7.31047457908	0.0182021893345
ACTTCCCGCTAGATAT	1.0464676165	0.46413406643	59.0238669885	1.0464676165	-14.7383643772	0.46413406643	2.25466668403	0.152855045792
ACTTCCCGCTCCACGC	-0.0346369704607	0.345623300559	41.3515687852	-0.0346369704607	-15.3080019405	0.345623300559	-0.100215958833	0.929313873081
ACTTCCCGCTCCTCGC	0.142815776233	0.269876736384	27.4872620005	0.142815776233	-7.27019492115	0.269876736384	0.529188911005	0.649539225832
ACTTCCCGCTGATAAA	0.250485143299	0.187160674187	15.714668812	0.250485143299	-14.2657874362	0.187160674187	1.33834281367	0.312644789233
ACTTCCCGGAGATAAA	0.434217312174	0.461455426122	58.4875301689	0.434217312174	-15.0245303101	0.461455426122	0.940973466979	0.446048138652
ACTTCCCGGCAAGAAT	-0.46660383424	0.877645943048	91.1504424779	-0.46660383424	-14.9536141129	0.877645943048	-0.531653838244	0.648108530797
ACTTCCCGGCCAACTA	0.341612492125	0.0805387152775	3.43255564495	0.341612492125	-15.0058978498	0.0805387152775	4.24159351124	0.0513401253186
ACTTCCCGGCGAGATA	0.231935419136	0.275275392202	29.8739608474	0.231935419136	-15.7184495905	0.275275392202	0.84255776472	0.488173502976
ACTTCCCGGGAGATAT	0.575266880136	0.834434125577	89.7023330652	0.575266880136	-14.8937694551	0.834434125577	0.689409580101	0.561807783372
ACTTCCCGGTAAGAAT	-0.571837786333	0.111177795908	7.0796460177	-0.571837786333	-6.3200970123	0.111177795908	-5.14345316585	0.0357832942133
ACTTCCCGGTACCGGC	-1.29886504804	0.44867509099	57.0394207562	-1.29886504804	-6.54301191378	0.44867509099	-2.89489003093	0.101485125329
ACTTCCCGTAAACAAC	0.263465787996	0.431111556308	54.2772861357	0.263465787996	-9.81031245516	0.431111556308	0.611131351366	0.603318784129
ACTTCCCGTACGGACA	-0.352131808323	0.909984524462	92.1962992759	-0.352131808323	-14.5468162319	0.909984524462	-0.386964611878	0.73607646535
ACTTCCCGTACGGATA	-0.599274204823	0.200711973206	17.4577634755	-0.599274204823	-5.86694815851	0.200711973206	-2.98574218195	0.0962521647296
ACTTCCCGTACGGATC	-0.166669302935	1.04429993229	95.1461517833	-0.166669302935	-14.5920701718	1.04429993229	-0.159599074732	0.88785826738
ACTTCCCGTACGGATT	0.373082799677	0.559898160913	71.1718959507	0.373082799677	-15.6041874304	0.559898160913	0.666340462822	0.573769296079
ACTTCCCGTACGGGTA	0.231935424889	0.275275390577	28.9621882542	0.231935424889	-15.2076239716	0.275275390577	0.842557790592	0.488173491377
ACTTCCCGTAGATAAA	0.920258779625	0.308509174618	35.6663984983	0.920258779625	-14.7697172679	0.308509174618	2.98292192044	0.0964087702456
ACTTCCCGTATACTTA	-0.437232824191	0.717253343168	84.3389648699	-0.437232824191	-8.01956688122	0.717253343168	-0.609593288557	0.60416053417
ACTTCCCGTGAGATAT	0.529739593775	0.225271693143	20.9171359614	0.529739593775	-14.0462456179	0.225271693143	2.35155862854	0.143034608233
ACTTCCCGTGATTATA	0.14937342621	0.508795909548	65.218557254	0.14937342621	-7.08838037931	0.508795909548	0.293582207339	0.796739612842
ACTTCCCGTGCGAGAT	-0.413379344001	0.410573953238	51.3542504693	-0.413379344001	-14.2885239296	0.410573953238	-1.00683285128	0.420028736525
ACTTCCCGTTGGAAGT	-0.488506362824	0.52216696006	66.7471171896	-0.488506362824	-7.85304783238	0.52216696006	-0.935536715629	0.448272513928
ACTTCCCTACGATAGC	-0.456255472222	1.08823548998	95.6824886028	-0.456255472222	-14.725766856	1.08823548998	-0.419261709826	0.715764922734
ACTTCCCTCAGATAAA	0.917912951326	0.308307718951	35.6395816573	0.917912951326	-14.863213269	0.308307718951	2.97726230939	0.0967241377278
ACTTCCCTCGAGATAT	0.827273737653	0.215594412888	19.3885760257	0.827273737653	-14.5958812676	0.215594412888	3.83717614279	0.0616979067781
ACTTCCGGACCAACTA	-1.49539164116	0.107347786854	6.4092249933	-1.49539164116	-13.4567929918	0.107347786854	-13.9303443972	0.00511369761203
ACTTCCGGACGATAGC	-0.310631762806	0.428874516956	53.8482166801	-0.310631762806	-14.0913229731	0.428874516956	-0.724295220454	0.544153081167
ACTTCCGGAGCAATCA	-0.479532523435	0.424130917138	53.4191472245	-0.479532523435	-14.7113726857	0.424130917138	-1.13062383349	0.375556556266
ACTTCCGGCAGATAAA	0.823426761583	0.488746548554	62.6709573612	0.823426761583	-9.69355045251	0.488746548554	1.68477253501	0.23407232132
ACTTCCGGCGAGATAT	0.512403176728	0.206561714713	18.3695360687	0.512403176728	-12.9863819099	0.206561714713	2.48062995333	0.131261075583
ACTTCCGGGTAAGAAT	-0.615177632834	0.0231086532629	0.321802091714	-0.615177632834	-14.4074700229	0.0231086532629	-26.6210940913	0.00140808916573
ACTTCCGGTACGGATA	-0.113189631059	0.538412763668	68.517028694	-0.113189631059	-14.1881020249	0.538412763668	-0.210228357679	0.852961848436
ACTTCCTGACCAACTA	0.0288526509653	0.967121174134	93.3494234379	0.0288526509653	-14.6939263446	0.967121174134	0.0298335428249	0.978909191957
ACTTCCTGACGATAGC	-0.156243692347	1.10286436638	95.8702064897	-0.156243692347	-15.0271021327	1.10286436638	-0.141670813846	0.900322505572
ACTTCCTGCAGATAAA	-0.366238795961	0.386108855876	47.6535264146	-0.366238795961	-13.7560243417	0.386108855876	-0.948537673734	0.44297296454
ACTTCCTGCGAGATAT	0.305894965335	0.653849010889	79.6996513811	0.305894965335	-13.9491211141	0.653849010889	0.467837314489	0.685928334719
ACTTCGCGACCAACTA	-1.52832126023	0.861883946232	90.6945561813	-1.52832126023	-13.6182203681	0.861883946232	-1.77323323739	0.218191566799
ACTTCGCGACGATAGC	-0.33749352596	0.31433207028	36.3368195227	-0.33749352596	-14.273106285	0.31433207028	-1.07368467258	0.395315791914
ACTTCGCGAGCAATCA	0.257837184392	0.441611422742	55.5644945025	0.257837184392	-15.0953050888	0.441611422742	0.58385533325	0.618394151505
ACTTCGCGCAGATAAA	-0.109828582007	0.474721049238	60.2574416734	-0.109828582007	-13.2311296688	0.474721049238	-0.231353933395	0.838554134256
ACTTCGCGCCTATTTA	-0.210166978218	0.086358431572	4.42477876106	-0.210166978218	-15.3832290908	0.086358431572	-2.43365904629	0.135384079429
ACTTCGCGCGAGATAT	-0.00764966371202	0.163726854971	12.5502815768	-0.00764966371202	-13.2830438609	0.163726854971	-0.0467221074597	0.966980496095
ACTTCGCGGTAAGAAT	0.0499685791379	0.236234947674	23.0356663985	0.0499685791379	-14.8644057572	0.236234947674	0.211520690016	0.85207768272
ACTTCGCGGTACCGGC	-0.0404709635536	0.778932924726	87.7178868329	-0.0404709635536	-15.3837788856	0.778932924726	-0.0519569301398	0.963285671803
ACTTCGCGTACGGATA	-1.17248732848	0.34774636419	41.9951729686	-1.17248732848	-13.8597679436	0.34774636419	-3.37167386699	0.0778334991309
ACTTCGCGTGATTATA	0.148644951618	0.70025279724	83.4540091177	0.148644951618	-15.229452541	0.70025279724	0.212273270745	0.851562958199
ACTTCTCGAGCAATCA	0.812852269341	0.618901898469	76.8302493966	0.812852269341	-15.5729744273	0.618901898469	1.31337821285	0.319498847466
ACTTCTCGCAGATAAA	0.0985612629352	0.591679093581	74.148565299	0.0985612629352	-14.2508140445	0.591679093581	0.166578917532	0.883019630886
ACTTCTCGCGAGATAT	-0.260656043594	0.249514664438	25.0737463127	-0.260656043594	-14.1224401962	0.249514664438	-1.04465220183	0.405842926425
ACTTGCCGACCAACTA	-0.280518345663	0.107613314988	6.70421024403	-0.280518345663	-13.8998410236	0.107613314988	-2.60672525231	0.12102417851
ACTTGCCGACGATAGC	-0.555995764556	1.0981713136	95.7361222848	-0.555995764556	-14.2632512155	1.0981713136	-0.506292376853	0.662945686247
ACTTGCCGAGCAATCA	0.380471646059	0.14459861974	10.4317511397	0.380471646059	-15.3901113347	0.14459861974	2.6312259878	0.119165774311
ACTTGCCGCAGATAAA	0.312633820391	0.348748797033	42.1292571735	0.312633820391	-13.6442424807	0.348748797033	0.896444154218	0.464617372226
ACTTGCCGCGAGATAT	0.630091545057	0.914528150912	92.2767497989	0.630091545057	-13.7141482429	0.914528150912	0.688979934001	0.562028472456
ACTTGCCGGTAAGAAT	-0.324868159783	0.287713700819	32.1265754894	-0.324868159783	-14.5028910163	0.287713700819	-1.12913691235	0.376057947723
ACTTGCCGTACGGATA	0.355639092818	0.446668897314	56.7712523465	0.355639092818	-14.7796406968	0.446668897314	0.796202947993	0.509407489628
ACTTTCCGACCAACTA	-0.871821680154	0.346976432363	41.8342719228	-0.871821680154	-14.8815348654	0.346976432363	-2.51262506279	0.128552235038
ACTTTCCGACGATAGC	0.231935419136	0.275275392202	29.8739608474	0.231935419136	-15.7184495905	0.275275392202	0.84255776472	0.488173502976
ACTTTCCGCAGATAAA	0.090128090845	1.5587569698	99.0077768839	0.090128090845	-14.6719972541	1.5587569698	0.057820489397	0.959148869066
ACTTTCCGCGAGATAT	0.792036488586	0.220356656201	19.7908286404	0.792036488586	-14.49842443	0.220356656201	3.59433884249	0.0694382346927
AGAGGTGTACCAACTA	-0.210166978218	0.086358431572	4.42477876106	-0.210166978218	-15.3832290908	0.086358431572	-2.43365904629	0.135384079429
AGAGTTAGCCACGGCA	0.197810149821	0.929677618669	92.6253687316	0.197810149821	-15.0168197162	0.929677618669	0.21277284281	0.851221344504
AGAGTTGTACCAACTA	-0.880127938038	0.554023889877	69.9383212658	-0.880127938038	-6.92054962572	0.554023889877	-1.58861008364	0.2530848284
AGAGTTGTACCAGCTA	0.231935419136	0.275275392202	29.8739608474	0.231935419136	-15.7184495905	0.275275392202	0.84255776472	0.488173502976
AGGGTTGTACCAACTA	-0.953434112261	0.257920238075	26.2000536337	-0.953434112261	-14.4990928685	0.257920238075	-3.6966238841	0.0660154858715
AGTCTTTGACCAACTA	0.349108998538	0.756501114566	86.484312148	0.349108998538	-14.7237736057	0.756501114566	0.461478498598	0.689783814707
AGTCTTTGACGATAGC	-0.324868159783	0.287713700819	32.1265754894	-0.324868159783	-14.5028910163	0.287713700819	-1.12913691235	0.376057947723
AGTCTTTGGTAAGAAT	1.25041250038	0.511055819718	65.3794582998	1.25041250038	-15.2613672121	0.511055819718	2.44672392356	0.13421937327
AGTCTTTGTAAACAAC	-0.573303127743	0.224607828355	20.7830517565	-0.573303127743	-15.1078840978	0.224607828355	-2.55246280568	0.125287357654
AGTCTTTGTACGGATA	0.794491098634	0.467265707571	59.2652185573	0.794491098634	-14.164618693	0.467265707571	1.70029832226	0.23117825851
AGTCTTTGTGATTATA	0.627033204523	0.078512846078	3.29847144006	0.627033204523	-14.5353761829	0.078512846078	7.98637720889	0.015319011926
AGTGCTAACCTATTTA	0.231935419136	0.275275392202	29.8739608474	0.231935419136	-15.7184495905	0.275275392202	0.84255776472	0.488173502976
AGTGCTGGCGAGATAT	-0.482603476745	0.704276014515	83.7489943685	-0.482603476745	-14.5938973902	0.704276014515	-0.685247639844	0.56394890967
AGTTCCCGACCAACTA	-0.765511032214	0.214356386875	19.3081255028	-0.765511032214	-13.2316449779	0.214356386875	-3.57120701358	0.0702478146437
AGTTCCCGAGCAATCA	-0.865652884623	1.51486364846	98.873692679	-0.865652884623	-14.3382288027	1.51486364846	-0.57143947279	0.625359531443
AGTTCCCGCAGATAAA	0.646731091847	0.392025833473	48.7530168946	0.646731091847	-13.2267369459	0.392025833473	1.64971549481	0.24078244552
AGTTCCCGCGAGATAT	0.375801152075	0.596029137379	74.6312684366	0.375801152075	-13.1376337483	0.596029137379	0.630508021349	0.592800109809
AGTTCCCGGTAAGAAT	-0.375759189193	0.415652683707	52.3196567444	-0.375759189193	-14.3558307316	0.415652683707	-0.904022045141	0.461400586898
AGTTCCCGTACGGATA	-0.505295481661	0.182462498592	15.0174309466	-0.505295481661	-14.2695626932	0.182462498592	-2.76931142322	0.109407381923
ATACCGAAACCAACTA	-0.871821665494	0.346976435932	41.9147224457	-0.871821665494	-14.3707092523	0.346976435932	-2.5126249947	0.12855224072
ATACCGAAACGATAGC	0.782497790675	0.278859683504	30.6248323947	0.782497790675	-15.7074012874	0.278859683504	2.80606282286	0.107000779249
ATACCGAACAGATAAA	-1.10115865249	0.662278481062	80.2091713596	-1.10115865249	-13.8477882529	0.662278481062	-1.66268221598	0.238271803137
ATACCGACCAGATAAA	0.231935424889	0.275275390577	28.9621882542	0.231935424889	-15.2076239716	0.275275390577	0.842557790592	0.488173491377
ATACCGACCTCCTCGC	-0.805481280713	0.702152410294	83.5344596407	-0.805481280713	-7.36618441319	0.702152410294	-1.14716017335	0.370032214986
ATACCGACTACGGATA	0.626374966896	0.877835301981	91.2040761598	0.626374966896	-14.8437819494	0.877835301981	0.713544973052	0.549537806182
ATACCGAGCTCCTCGC	-0.498318571278	0.625105646316	77.581120944	-0.498318571278	-14.1365578416	0.625105646316	-0.797174964287	0.50895291677
ATACCGAGTGATTATA	0.372971798184	0.769422621464	86.9133816036	0.372971798184	-14.6805195775	0.769422621464	0.484742439045	0.675753955808
ATACCGATTGATTATA	-0.206457057361	0.47414199722	60.1233574685	-0.206457057361	-14.4725997952	0.47414199722	-0.435432968545	0.705734918268
ATGCGCGCTATACTTA	0.328943525107	1.47555294861	98.5518905873	0.328943525107	-14.8843999475	1.47555294861	0.222928987683	0.844288145954
ATGTAACTACCAACTA	-0.409820182434	0.579766178201	73.2636095468	-0.409820182434	-13.8442034756	0.579766178201	-0.70687149034	0.552905465182
ATTTCCCGACCAACTA	0.316486825615	0.272224315731	27.9699651381	0.316486825615	-15.4673916857	0.272224315731	1.16259572465	0.364960465054
ATTTCCCGCAGATAAA	0.323182031976	0.99660521143	94.5293644409	0.323182031976	-15.154650931	0.99660521143	0.324282903872	0.776497924553
ATTTCCCGCGAGATAT	-0.563262123262	0.536160807281	68.1952266023	-0.563262123262	-14.4592793774	0.536160807281	-1.0505469919	0.403680261609
ATTTCGGCACCAACTA	-1.9728057764	0.777289221245	87.2083668544	-1.9728057764	-13.5899796679	0.777289221245	-2.53805883637	0.126454298161
ATTTCGGCACGATAGC	0.541557285919	0.620872099	77.1520514883	0.541557285919	-13.0500987013	0.620872099	0.8722525731	0.475044058965
ATTTCGGCTAAACAAC	0.373082799677	0.559898160913	71.1718959507	0.373082799677	-15.6041874304	0.559898160913	0.666340462822	0.573769296079
ATTTCGGCTGATTATA	-0.589358462378	0.234383118339	22.5529632609	-0.589358462378	-14.4730109662	0.234383118339	-2.51450900796	0.128395174009
CAACCGAATACGGATA	-0.708529054128	1.48751878812	98.6591579512	-0.708529054128	-14.5483108363	1.48751878812	-0.476316037004	0.680811605497
CAAGAGTTACCAACTA	-0.0188128803602	0.445218541835	56.5299007777	-0.0188128803602	-13.1083797788	0.445218541835	-0.0422553838001	0.970134260049
CAAGAGTTACGATAGC	-0.267132180395	0.481593699864	61.4910163583	-0.267132180395	-14.5533262406	0.481593699864	-0.554683710502	0.634861033653
CAAGAGTTAGCAATCA	0.0382077567804	0.257686169111	26.1464199517	0.0382077567804	-14.3339328563	0.257686169111	0.14827243896	0.895727089195
CAAGAGTTCAGATAAA	-0.500922416926	0.825778640754	89.4609814964	-0.500922416926	-13.8704320955	0.825778640754	-0.606606168051	0.605798177037
CAAGAGTTCCACGGCA	0.925251942526	0.668537364881	80.5309734513	0.925251942526	-14.4164611905	0.668537364881	1.38399436012	0.300570392975
CAAGAGTTCTCCTCGC	0.315638166872	0.509383822341	65.2721909359	0.315638166872	-13.7657590046	0.509383822341	0.619647018669	0.598676435189
CAAGAGTTGTAAGAAT	0.567443857532	1.45370180224	98.4714400644	0.567443857532	-15.096522389	1.45370180224	0.390344055882	0.733934074811
CAAGAGTTTACGGATA	0.287792543322	0.211636740011	18.9595065701	0.287792543322	-13.1707790327	0.211636740011	1.35984207329	0.30688563199
CAAGAGTTTGATTATA	-0.0974676257414	0.279056739041	30.7320997586	-0.0974676257414	-13.9296814081	0.279056739041	-0.349275298193	0.760229430559
CACACGAAACGATAGC	0.661176785601	0.362437056992	43.9259855189	0.661176785601	-15.223483302	0.362437056992	1.82425271601	0.209672576544
CACACGAACTCCTCGC	0.755244290181	0.233710233496	22.418879056	0.755244290181	-15.8280952561	0.233710233496	3.23154137875	0.0838857903038
CACCAGAAACGATAGC	0.350508408139	0.481159258725	61.3301153124	0.350508408139	-15.227202231	0.481159258725	0.728466514534	0.542077064746
CACCAGAACTCCTCGC	-0.0404709635536	0.778932924726	87.7178868329	-0.0404709635536	-15.3837788856	0.778932924726	-0.0519569301398	0.963285671803
CACCAGAATACGGATA	0.810880517512	0.674880910842	81.0136765889	0.810880517512	-15.0638967061	0.674880910842	1.20151645199	0.35252837959
CACCCAAAACGATAGC	1.06050289558	0.201042981366	17.5650308394	1.06050289558	-15.2406381697	0.201042981366	5.27500581403	0.0341098894148
CACCCAAACTCCTCGC	-0.508703310907	0.396598206505	49.6111558058	-0.508703310907	-14.7148203545	0.396598206505	-1.28266669532	0.328182796184
CACCCAAATACGGATA	-0.246969764261	0.514283903939	65.8621614374	-0.246969764261	-14.6237870613	0.514283903939	-0.480220676497	0.678464560237
CACCCCAATACGGATA	0.0665852532259	0.561671162642	71.6277822473	0.0665852532259	-14.9832341536	0.561671162642	0.118548463326	0.916466553206
CACCCGAAACAATAGC	0.175162114318	0.512829755284	65.6476267096	0.175162114318	-14.6895832195	0.512829755284	0.341559967052	0.765230820459
CACCCGAAACCAACTA	-1.40419353809	0.29194530823	32.7969965138	-1.40419353809	-7.38534976551	0.29194530823	-4.8097828549	0.0406113670344
CACCCGAAACCATAGC	0.162086812486	0.694361423692	82.8372217753	0.162086812486	-14.7267875133	0.694361423692	0.233432916858	0.837141667789
CACCCGAAACGAAAGC	0.350508408139	0.481159258725	61.3301153124	0.350508408139	-15.227202231	0.481159258725	0.728466514534	0.542077064746
CACCCGAAACGACAGC	0.315470936457	0.479371351202	60.9546795388	0.315470936457	-14.5665664476	0.479371351202	0.658093012162	0.578100983856
CACCCGAAACGATAAC	-0.134148914752	0.857976248067	90.4532046125	-0.134148914752	-14.8871231008	0.857976248067	-0.156355044857	0.890109865866
CACCCGAAACGATACC	0.880301410835	1.04237909982	95.0657012604	0.880301410835	-14.6492757797	1.04237909982	0.84451176255	0.487298262376
CACCCGAAACGATAGA	-0.871821680154	0.346976432363	41.8342719228	-0.871821680154	-14.8815348654	0.346976432363	-2.51262506279	0.128552235038
CACCCGAAACGATAGC	0.439855255497	0.0248747083284	0.34861893269	0.439855255497	-5.77370262692	0.0248747083284	17.6828306764	0.0031828715297
CACCCGAAACGATAGT	0.231935424889	0.275275390577	28.9621882542	0.231935424889	-15.2076239716	0.275275390577	0.842557790592	0.488173491377
CACCCGAAACGATATC	-0.79018458536	0.680752540191	81.7913649772	-0.79018458536	-14.5131194871	0.680752540191	-1.16075157816	0.365562134951
CACCCGAAACGATGGC	0.325688091453	0.321702533259	37.3558594798	0.325688091453	-14.9064711494	0.321702533259	1.01238895496	0.417910676522
CACCCGAAACGGTAGC	0.0167451288682	0.686018526411	82.4617860016	0.0167451288682	-15.0697843238	0.686018526411	0.0244091496418	0.982742695078
CACCCGAAACGTTAGC	-0.184879133464	0.597405291902	74.7921694824	-0.184879133464	-14.9946862316	0.597405291902	-0.30947019715	0.786229961667
CACCCGAAACTATAGC	-0.335720322964	0.49270016377	63.6363636364	-0.335720322964	-15.1728864815	0.49270016377	-0.681388697733	0.565940796502
CACCCGAAATGATAGC	-0.472216044128	0.88377546399	91.5526950925	-0.472216044128	-14.3194966492	0.88377546399	-0.534316761857	0.646565681253
CACCCGAACACGATAG	1.11450727621	0.392363321128	48.8066505766	1.11450727621	-15.4808679899	0.392363321128	2.84049812048	0.104813265354
CACCCGAACACGGATA	0.417068104268	0.850010974857	90.1582193618	0.417068104268	-13.9446332933	0.850010974857	0.490662022732	0.672217458811
CACCCGAACAGATAAA	0.0542038651366	0.11070897494	6.97237865379	0.0542038651366	-6.79980852798	0.11070897494	0.489606783603	0.672846880136
CACCCGAACAGATAAC	-0.573303127743	0.224607828355	20.7830517565	-0.573303127743	-15.1078840978	0.224607828355	-2.55246280568	0.125287357654
CACCCGAACCCCCCCC	0.191270909637	0.335435603208	38.9648699383	0.191270909637	-14.6527562148	0.335435603208	0.570216482114	0.626049107376
CACCCGAACGAGATAT	-0.906839282418	0.168414087126	13.2207026012	-0.906839282418	-7.69944556526	0.168414087126	-5.38458093317	0.032802614984
CACCCGAACTACGGAT	-0.544042562092	0.224885709882	20.8366854385	-0.544042562092	-14.5589589032	0.224885709882	-2.41919578784	0.136689910167
CACCCGAACTCCTCGC	-0.212813426945	0.0550478964276	1.76991150442	-0.212813426945	-6.79435396278	0.0550478964276	-3.86596837946	0.0608642064777
CACCCGAAGCGATAGC	0.315105048066	0.409077504692	51.1665325825	0.315105048066	-15.1402961865	0.409077504692	0.77028202346	0.521677839008
CACCCGAAGTAAGAAC	1.06186839311	0.970632178049	93.4835076428	1.06186839311	-15.3765906827	0.970632178049	1.09399669322	0.388133998579
CACCCGAAGTAAGAAT	-0.479444710769	0.27113694492	27.5408956825	-0.479444710769	-6.89064283794	0.27113694492	-1.76827510877	0.219043617219
CACCCGAAGTACCGGC	-2.53706237276	1.04826939238	95.2534191472	-2.53706237276	-7.25951057553	1.04826939238	-2.42023891111	0.136595146096
CACCCGAATACCGATA	0.434217312174	0.461455426122	58.4875301689	0.434217312174	-15.0245303101	0.461455426122	0.940973466979	0.446048138652
CACCCGAATACGAATA	0.463515213411	0.641467921287	78.8415124698	0.463515213411	-15.4963576118	0.641467921287	0.722585180068	0.545006311067
CACCCGAATACGCATA	-0.573303127743	0.224607828355	20.7830517565	-0.573303127743	-15.1078840978	0.224607828355	-2.55246280568	0.125287357654
CACCCGAATACGGACA	0.508781906162	0.235586275986	22.7138643068	0.508781906162	-14.8736254559	0.235586275986	2.15964153273	0.163410331425
CACCCGAATACGGATA	0.456663580921	0.104917263342	6.30195762939	0.456663580921	-5.82510397003	0.104917263342	4.35260667669	0.0489412954335
CACCCGAATACGGATC	1.35692232213	0.524513879145	67.0689192813	1.35692232213	-14.7860899823	0.524513879145	2.58700937399	0.122549314843
CACCCGAATACGGATG	1.22011344387	0.302181879098	34.7278090641	1.22011344387	-15.2047672236	0.302181879098	4.03767905445	0.0562164373151
CACCCGAATACGGATT	0.356880026323	0.161616479894	12.2284794851	0.356880026323	-14.866836301	0.161616479894	2.20819081418	0.157896841639
CACCCGAATACGGGTA	1.37568267363	0.38647257143	47.7071600965	1.37568267363	-15.6409227935	0.38647257143	3.55958682537	0.0706596605882
CACCCGAATACGGTTA	0.0415734880478	0.241624405724	24.0010726736	0.0415734880478	-15.1226437036	0.241624405724	0.172058314735	0.879226958674
CACCCGAATACTGATA	-0.210166978218	0.086358431572	4.42477876106	-0.210166978218	-15.3832290908	0.086358431572	-2.43365904629	0.135384079429
CACCCGAATCCGGATA	0.52638557085	0.655350077623	79.753285063	0.52638557085	-14.9662856566	0.655350077623	0.803212800034	0.506138236901
CACCCGAATCGATAGC	0.450536439499	0.376265790339	45.8031643872	0.450536439499	-14.9629351263	0.376265790339	1.19738879023	0.353823009091
CACCCGAGACGATAGC	0.299634273275	0.212881843917	19.120407616	0.299634273275	-13.7830576354	0.212881843917	1.40751445854	0.294573958915
CACCCGAGCAGATAAA	0.0369574799581	0.375643746218	45.6422633414	0.0369574799581	-14.3659621316	0.375643746218	0.0983843876817	0.930599469995
CACCCGAGTACGGATA	0.747613834067	1.41427699128	98.2837221775	0.747613834067	-14.2007045893	1.41427699128	0.528619102677	0.64987030432
CACCCGGAACGATAGC	1.41778057499	0.441135250266	55.4035934567	1.41778057499	-14.1571738769	0.441135250266	3.21393625681	0.0846935354636
CACCCGGACAGATAAA	-0.563262123262	0.536160807281	68.1952266023	-0.563262123262	-14.4592793774	0.536160807281	-1.0505469919	0.403680261609
CACCCGGACTCCTCGC	-0.476995031335	0.183567167455	15.2319656744	-0.476995031335	-14.3336110578	0.183567167455	-2.59847682975	0.121658983586
CACCCGGAGTAAGAAT	-0.0622309054069	0.75287864439	86.4038616251	-0.0622309054069	-14.8443831037	0.75287864439	-0.0826572859659	0.94165204922
CACCCGGATACGGATA	0.617797407782	0.484617487136	62.0541700188	0.617797407782	-13.7670543333	0.484617487136	1.27481451698	0.330448655081
CACCCGTAACGATAGC	0.383905601184	0.458905267859	58.1120943953	0.383905601184	-14.9862673527	0.458905267859	0.836568303029	0.490866273544
CACCGGAAACGATAGC	0.315807683905	0.384931162083	47.4121748458	0.315807683905	-14.3619732746	0.384931162083	0.820426390516	0.498198375975
CACCGGAATACGGATA	0.567459791818	0.309413290018	35.8272995441	0.567459791818	-14.6754391366	0.309413290018	1.83398648385	0.208097474218
CACCTGAAACGATAGC	0.396824761623	0.76231792168	86.7524805578	0.396824761623	-14.3975465469	0.76231792168	0.520550219714	0.654572671739
CACCTGAATACGGATA	0.104959319167	0.253391637159	25.5028157683	0.104959319167	-14.3173593511	0.253391637159	0.41421777113	0.718912731886
CACGCGAAACGATAGC	0.881540596178	0.127691237227	8.42048806651	0.881540596178	-14.9590193308	0.127691237227	6.90368904961	0.020343485778
CACGCGAATACGGATA	0.99250802494	0.0926177237643	4.90748189863	0.99250802494	-15.0800956013	0.0926177237643	10.7161781201	0.00859591598465
CACGCGCGTATACTTA	0.237382859579	0.862187021431	90.8018235452	0.237382859579	-15.1300627946	0.862187021431	0.275326412575	0.808902661904
CACTCAGAACCAACTA	-0.307502363079	0.161306486685	12.1748458032	-0.307502363079	-13.3569762246	0.161306486685	-1.90632360421	0.196870611194
CACTCAGACAGATAAA	1.70131986943	0.412207513637	51.5419683561	1.70131986943	-16.0263206109	0.412207513637	4.12733832631	0.0539926221431
CACTCAGACCACGGCA	-0.589665106154	0.750293160939	86.2429605792	-0.589665106154	-14.2423912381	0.750293160939	-0.785912942903	0.514244314001
CACTCAGATAAACAAC	0.898171588865	0.347315072424	41.9683561276	0.898171588865	-15.1366950718	0.347315072424	2.58604264594	0.12262478859
CACTCAGATACGGATA	0.141863224694	0.428010607453	53.7677661571	0.141863224694	-13.1585520408	0.428010607453	0.331447917935	0.771814149778
CACTCAGATATACTTA	0.141279473135	0.456766628531	57.9511933494	0.141279473135	-14.5084599842	0.456766628531	0.309303404211	0.786339914826
CACTCAGATGATTATA	0.257837184392	0.441611422742	55.5644945025	0.257837184392	-15.0953050888	0.441611422742	0.58385533325	0.618394151505
CACTCGAAACGATAGC	0.508899534331	0.555110462245	70.3405738804	0.508899534331	-15.4176297256	0.555110462245	0.916753635434	0.4560486702
CACTCGAATACGGATA	0.380471646059	0.14459861974	10.4317511397	0.380471646059	-15.3901113347	0.14459861974	2.6312259878	0.119165774311
CAGAGTTAACCAACTA	-0.164397492089	0.487894521434	62.5905068383	-0.164397492089	-13.3921991186	0.487894521434	-0.336952937299	0.768226227295
CAGAGTTAACGATAGC	-3.59396357834	1.04808069302	95.2266023062	-3.59396357834	-8.71779104283	1.04808069302	-3.42909052927	0.0755341940176
CAGAGTTACAGATAAA	-0.706705136304	1.4481913346	98.4178063824	-0.706705136304	-14.1038290053	1.4481913346	-0.487991551544	0.673811165738
CAGAGTTACCACGGCA	0.469068864758	0.519056874813	66.318047734	0.469068864758	-13.3654934623	0.519056874813	0.903694542004	0.461539126675
CAGAGTTACGAGATAT	-5.42891430329	1.93920722464	99.5709305444	-5.42891430329	-10.8739755723	1.93920722464	-2.79955346406	0.107421540246
CAGAGTTACTCCTCGC	0.15983684587	0.0342720746876	0.697237865379	0.15983684587	-14.3960928134	0.0342720746876	4.66376335039	0.0430298253624
CAGAGTTAGTAAGAAT	-0.750624537931	0.988493241472	94.2343791901	-0.750624537931	-14.6410584581	0.988493241472	-0.759362336977	0.526932703555
CAGAGTTATACGGATA	0.669918894338	0.177146476865	14.4274604452	0.669918894338	-13.8001059974	0.177146476865	3.78172293457	0.0633509917862
CAGAGTTATGATTATA	-0.355221419445	0.277824416259	30.1153124162	-0.355221419445	-13.4125885962	0.277824416259	-1.27858243789	0.329359024061
CAGAGTTCACCAACTA	0.23729890591	0.398264487474	49.8525073746	0.23729890591	-14.034653693	0.398264487474	0.595832451482	0.611735938409
CAGAGTTCTACGGATA	-0.0657973346945	0.611240786732	76.2670957361	-0.0657973346945	-9.86855353169	0.611240786732	-0.107645523864	0.924102668764
CAGAGTTCTGATTATA	0.187878414056	0.303430009984	34.8887101099	0.187878414056	-12.6207309652	0.303430009984	0.619182044867	0.59892912521
CAGAGTTGACGATAGC	-1.16291213033	0.531479532278	67.5784392599	-1.16291213033	-13.9374897073	0.531479532278	-2.18806569154	0.160150961714
CAGAGTTGCCACGGCA	-7.98142709198	2.63094347508	99.7854652722	-7.98142709198	-9.49073514795	2.63094347508	-3.03367486516	0.0936450422933
CAGAGTTGCTCCTCGC	0.0246917784086	0.454592964224	57.6830249397	0.0246917784086	-14.1443973782	0.454592964224	0.0543162352957	0.961620918267
CAGAGTTGGTAAGAAT	-0.296906919299	0.329274080458	38.3480825959	-0.296906919299	-14.2355587297	0.329274080458	-0.901701460637	0.462383178294
CAGAGTTGTACGGATA	-0.253897979991	0.645117756655	79.0828640386	-0.253897979991	-14.2213752731	0.645117756655	-0.393568425876	0.731893661483
CAGAGTTTACCAACTA	-0.471439044872	0.156702785371	11.7725931885	-0.471439044872	-12.9103599521	0.156702785371	-3.00849180029	0.095002056182
CAGAGTTTAGCAATCA	0.976121812354	1.16213257824	96.621078037	0.976121812354	-14.9357235509	1.16213257824	0.839940150228	0.489348495093
CAGAGTTTCAGATAAA	-0.800021401508	0.247539501492	24.8592115849	-0.800021401508	-13.3270592782	0.247539501492	-3.23189388637	0.0838697298221
CAGAGTTTCGAGATAT	0.508899534331	0.555110462245	70.3405738804	0.508899534331	-15.4176297256	0.555110462245	0.916753635434	0.4560486702
CAGAGTTTCTCCTCGC	0.778179512455	0.461507483318	58.5143470099	0.778179512455	-14.2024319524	0.461507483318	1.68616878509	0.233810131387
CAGAGTTTGTAAGAAT	0.851354721005	0.666110913112	80.3968892464	0.851354721005	-15.1391085584	0.666110913112	1.27809754239	0.329499006424
CAGAGTTTTACGGATA	-0.61980977961	0.498798082469	64.038616251	-0.61980977961	-13.7501925098	0.498798082469	-1.24260658049	0.339941489021
CAGCCGAAACGATAGC	0.560101553287	0.361207905392	43.4969160633	0.560101553287	-14.0228525399	0.361207905392	1.55063481426	0.261138929698
CAGCCGAAGTAAGAAT	-0.788750929283	0.526475484593	67.2834540091	-0.788750929283	-14.3869955812	0.526475484593	-1.49817218914	0.272810761136
CAGCCGAATACGGATA	0.491043062471	0.453269692113	57.5221238938	0.491043062471	-13.9816842138	0.453269692113	1.08333531012	0.391884950066
CAGGCCATACCAACTA	-0.536316440346	0.241500471639	23.7597211049	-0.536316440346	-13.2674719386	0.241500471639	-2.22076767265	0.156510207539
CAGGCCATACGATAGC	-0.383130807001	0.746386787585	85.9479753285	-0.383130807001	-14.304028865	0.746386787585	-0.513314026151	0.658812023945
CAGGCCATATCGGTCC	-0.638474136319	0.376231017762	45.7495307053	-0.638474136319	-14.3191909467	0.376231017762	-1.69702684302	0.231784180799
CAGGCCATCCACGGCA	-0.491105672227	0.918814758635	92.3303834808	-0.491105672227	-14.3726373732	0.918814758635	-0.534499111613	0.646460136375
CAGGCCATCGAGATAT	0.280155417248	1.00770367904	94.6366318048	0.280155417248	-13.9787623141	1.00770367904	0.27801368902	0.807106565045
CAGGCCATGTAAGAAT	-0.735635546081	0.343256651887	40.7884151247	-0.735635546081	-14.5615174596	0.343256651887	-2.14310645412	0.165348215468
CAGGCCATGTACCGGC	-1.65947843924	0.590949245953	74.0681147761	-1.65947843924	-14.1276459663	0.590949245953	-2.80815730049	0.106865889436
CAGGCCATTACGGATA	-0.427464889596	0.437433727279	54.8672566372	-0.427464889596	-14.1677132269	0.437433727279	-0.977210633151	0.431521813401
CAGGCCATTGATTATA	0.0451879269818	0.333750835458	38.8576025744	0.0451879269818	-14.2441910178	0.333750835458	0.135394198848	0.904697608675
CAGGCGCGTATACTTA	0.205699104019	0.422534358077	53.1509788147	0.205699104019	-14.0521286578	0.422534358077	0.486822195845	0.674509901533
CAGTGCTACAGATAAA	1.1348034403	0.400640607605	50.1206757844	1.1348034403	-15.5788695987	0.400640607605	2.83247234244	0.105317405429
CAGTGCTAGTAAGAAT	1.07423637671	0.336874068007	39.9034593725	1.07423637671	-15.1692691916	0.336874068007	3.18883665658	0.0858645475345
CAGTGCTATACGGATA	-0.184879133464	0.597405291902	74.7921694824	-0.184879133464	-14.9946862316	0.597405291902	-0.30947019715	0.786229961667
CAGTGCTCACGATAGC	1.05384824388	0.534183485791	67.9806918745	1.05384824388	-15.0172314742	0.534183485791	1.97282071032	0.187252850615
CAGTGCTGACGATAGC	0.820390011387	0.774236725972	87.1279163315	0.820390011387	-14.9059339484	0.774236725972	1.05961133574	0.400379922022
CAGTGCTGCAGATAAA	-0.812261631919	0.432821451201	54.4381871816	-0.812261631919	-14.1413481876	0.432821451201	-1.87666676332	0.20137343277
CAGTGCTGCCACGGCA	-0.460513935704	0.317006468408	36.6318047734	-0.460513935704	-13.6086909826	0.317006468408	-1.45269570686	0.283466365115
CAGTGCTGCGAGATAT	0.761898921591	0.837001822509	89.7559667471	0.761898921591	-14.8208845122	0.837001822509	0.910271520446	0.458765304704
CAGTGCTGGTAAGAAT	0.231935419136	0.275275392202	29.8739608474	0.231935419136	-15.7184495905	0.275275392202	0.84255776472	0.488173502976
CAGTGCTGTACGGATA	-0.461003064081	0.514426497844	65.9157951193	-0.461003064081	-14.307396009	0.514426497844	-0.896149529648	0.464742912603
CAGTGCTTACCAACTA	0.675043688627	0.517550009215	66.1571466881	0.675043688627	-10.8555415959	0.517550009215	1.30430620541	0.322034767907
CAGTGCTTACGATAGC	-0.0481947627438	0.396333409949	49.423437919	-0.0481947627438	-14.8124577979	0.396333409949	-0.121601564577	0.914330822127
CAGTGCTTCGAGATAT	1.32440873127	0.602726558462	75.4625905068	1.32440873127	-15.2531797112	0.602726558462	2.19736248996	0.159104227779
CAGTGCTTCTCCTCGC	1.2694286615	0.624136609807	77.4470367391	1.2694286615	-15.1086899055	0.624136609807	2.03389553113	0.178967974632
CAGTGCTTTACGGATA	0.186309992455	0.971747960739	93.6980423706	0.186309992455	-15.1811356669	0.971747960739	0.191726661627	0.865657731877
CATACCACCAGATAAA	-0.506466929437	0.196144372339	16.7605256101	-0.506466929437	-14.6477364706	0.196144372339	-2.58211297829	0.122932254734
CATACCGAACCAACTA	-0.305236800357	1.13630605925	96.2188254224	-0.305236800357	-13.6483947943	1.13630605925	-0.268621994815	0.81339204226
CATACCGAACGATAGC	0.329175145766	0.341794763185	40.5738803969	0.329175145766	-14.5488017425	0.341794763185	0.963078376915	0.437125337248
CATACCGACAGATAAA	0.483664440059	0.195479477117	16.5728077233	0.483664440059	-13.7854176931	0.195479477117	2.47424664313	0.131811026769
CATACCGACTCCTCGC	0.0651012419644	0.598498163534	75.0067042102	0.0651012419644	-14.4674188352	0.598498163534	0.108774338721	0.923311434994
CATACCGATACGGATA	0.63620104901	0.039379199498	0.938589434165	0.63620104901	-13.9122107486	0.039379199498	16.1557638835	0.00380941130508
CATACCGATGATTATA	-0.28265797061	0.0775548732025	3.24483775811	-0.28265797061	-14.1653836449	0.0775548732025	-3.64461907987	0.067724414958
CATACGCGTATACTTA	-0.452434197468	0.261769495475	26.4950388844	-0.452434197468	-14.9270370231	0.261769495475	-1.72836868042	0.226063271718
CATCCGAAACGATAGC	0.121837899772	0.973769246812	93.8053097345	0.121837899772	-14.8053931503	0.973769246812	0.125119888691	0.911871120029
CATCCGAACTCCTCGC	-0.0404709635536	0.778932924726	87.7178868329	-0.0404709635536	-15.3837788856	0.778932924726	-0.0519569301398	0.963285671803
CATGCACGTATACTTA	-0.234071070189	0.571079388225	72.6736390453	-0.234071070189	-14.1468808336	0.571079388225	-0.409874835294	0.721630353084
CATGCGCATATACTTA	0.270126749554	0.996191038354	94.395280236	0.270126749554	-14.1303581359	0.996191038354	0.271159586017	0.811691440912
CATGCGCGAATACTTA	0.164765219704	0.443826285956	56.2885492089	0.164765219704	-15.261999848	0.443826285956	0.371238083272	0.746097377861
CATGCGCGATATACTT	0.341612492125	0.0805387152775	3.43255564495	0.341612492125	-15.0058978498	0.0805387152775	4.24159351124	0.0513401253186
CATGCGCGCAGATAAA	-1.62918488126	0.294416704169	33.3333333333	-1.62918488126	-7.26364305065	0.294416704169	-5.53360206195	0.0311401884056
CATGCGCGCATACTTA	0.437771050311	0.845873821002	90.0777688388	0.437771050311	-14.4423285618	0.845873821002	0.517537059832	0.656335393231
CATGCGCGCCCCCCCC	-0.35142892311	0.287135199313	31.9388576026	-0.35142892311	-14.6997303648	0.287135199313	-1.22391446242	0.345600081171
CATGCGCGTAAACTTA	-0.573303127743	0.224607828355	20.7830517565	-0.573303127743	-15.1078840978	0.224607828355	-2.55246280568	0.125287357654
CATGCGCGTACACTTA	1.01815568334	0.784372737781	87.9860552427	1.01815568334	-15.0243795112	0.784372737781	1.29805083004	0.323797570143
CATGCGCGTACGGATA	-0.325613066599	0.186139318859	15.6342182891	-0.325613066599	-7.5271216037	0.186139318859	-1.74929761533	0.22234559395
CATGCGCGTATACCTA	0.294043661214	1.16832432276	96.7015285599	0.294043661214	-14.768916059	1.16832432276	0.251679825102	0.824788455909
CATGCGCGTATACTCA	0.0730583518584	0.584879522533	73.6122284795	0.0730583518584	-14.6189310288	0.584879522533	0.124911796436	0.912016555394
CATGCGCGTATACTTA	0.153806348176	0.23064925446	21.6143738268	0.153806348176	-5.76145525147	0.23064925446	0.666840864222	0.573507414314
CATGCGCGTATACTTC	0.308849493519	0.235478106169	22.6602306248	0.308849493519	-14.6563232948	0.235478106169	1.31158475216	0.319998250321
CATGCGCGTATACTTG	1.14479890434	0.296736050048	33.8160364709	1.14479890434	-15.9097162209	0.296736050048	3.8579704224	0.0610941436404
CATGCGCGTATATTTA	0.231935419136	0.275275392202	29.8739608474	0.231935419136	-15.7184495905	0.275275392202	0.84255776472	0.488173502976
CATGCGCGTCTACTTA	-0.371617636612	1.04507980334	95.1997854653	-0.371617636612	-14.385539591	1.04507980334	-0.35558780815	0.756151537887
CATGCGCGTGATTATA	-1.23402886209	0.4794416757	60.9814963797	-1.23402886209	-7.96569240779	0.4794416757	-2.57388734571	0.123579354543
CATGCGCGTTTACTTA	-0.323917629172	0.485289827086	62.2418879056	-0.323917629172	-14.9409136381	0.485289827086	-0.667472531038	0.573176988754
CATGCGCTTATACTTA	0.463515213411	0.641467921287	78.8415124698	0.463515213411	-15.4963576118	0.641467921287	0.722585180068	0.545006311067
CATGCGGGTATACTTA	0.752989108923	0.634272627386	78.0638240815	0.752989108923	-14.2698292786	0.634272627386	1.18716948582	0.357052415296
CATGCGTGTATACTTA	-0.0684409710725	0.429808574428	54.1163850898	-0.0684409710725	-14.7130315654	0.429808574428	-0.159235936983	0.888110226856
CATGGGCGTATACTTA	0.0291600160087	0.177834151539	14.56154465	0.0291600160087	-14.4293201095	0.177834151539	0.163973093786	0.884825110715
CATGTGCGTATACTTA	0.476919148888	0.228509152596	21.292571735	0.476919148888	-14.922481659	0.228509152596	2.08708991946	0.172151019941
CCAAAGTTACCAACTA	0.0100412497805	0.31726407962	36.7390721373	0.0100412497805	-13.6709282427	0.31726407962	0.0316495009223	0.977626025527
CCAAAGTTACGATAGC	-1.50326347556	0.3889043858	48.297130598	-1.50326347556	-14.3389270687	0.3889043858	-3.86538061912	0.0608810614452
CCAAAGTTAGCAATCA	-0.0527034142912	0.536457112767	68.2220434433	-0.0527034142912	-14.4112702584	0.536457112767	-0.0982434812343	0.930698387956
CCAAAGTTCAGATAAA	0.654304467355	0.669808804314	80.6382408152	0.654304467355	-14.5640029085	0.669808804314	0.976852593069	0.431662812273
CCAAAGTTCCACGGCA	0.0372788301252	0.249495171221	25.0201126307	0.0372788301252	-13.8986294015	0.249495171221	0.149417040589	0.894930998151
CCAAAGTTCTCCTCGC	1.85680234753	0.455626275859	57.8975596675	1.85680234753	-15.101189876	0.455626275859	4.07527494772	0.0552679893527
CCAAAGTTGTAAGAAT	0.0681043466472	0.592164643584	74.3631000268	0.0681043466472	-15.0063457836	0.592164643584	0.115009140422	0.918943849703
CCAAAGTTTACGGATA	-0.470423948789	0.283869878502	31.2952534191	-0.470423948789	-13.1080026741	0.283869878502	-1.65718163291	0.239332673609
CCAAAGTTTGATTATA	-0.222966992681	0.42633256598	53.6336819523	-0.222966992681	-13.6816633577	0.42633256598	-0.52298841438	0.653148979587
CCACAGTTACCAACTA	0.0623881875357	0.206334761869	18.3159023867	0.0623881875357	-13.7745376634	0.206334761869	0.302363920508	0.790921714396
CCACAGTTACGATAGC	0.260782547067	0.703700574224	83.5880933226	0.260782547067	-14.8391553964	0.703700574224	0.37058737284	0.746513801461
CCACAGTTCAGATAAA	-0.175275922487	0.822670101645	89.3537141325	-0.175275922487	-14.5643619086	0.822670101645	-0.213057363014	0.851026809787
CCACAGTTCCACGGCA	-0.0371369442713	0.684781680699	82.2740681148	-0.0371369442713	-14.433444537	0.684781680699	-0.0542318016355	0.961680490222
CCACAGTTCTCCTCGC	0.947856224684	0.497847753585	63.9849825691	0.947856224684	-14.6139457328	0.497847753585	1.90390780687	0.197232345614
CCACAGTTGTAAGAAT	0.794318932143	0.760550068965	86.6183963529	0.794318932143	-15.1715852483	0.760550068965	1.04440057868	0.405935529332
CCACAGTTTACGGATA	-0.00281349045232	0.16520550423	12.9257173505	-0.00281349045232	-13.479854089	0.16520550423	-0.0170302464523	0.987958670301
CCACAGTTTGATTATA	-0.337099276638	0.589363628659	73.9340305712	-0.337099276638	-14.3148856324	0.589363628659	-0.571971632191	0.625059670486
CCAGAATTACCAACTA	0.00432548917424	0.567022211512	72.0568517029	0.00432548917424	-13.4304763053	0.567022211512	0.00762842986821	0.994605963984
CCAGAATTAGCAATCA	1.09208462557	0.537402080967	68.4365781711	1.09208462557	-15.3725984751	0.537402080967	2.03215555772	0.179197083942
CCAGAATTCAGATAAA	0.00838676449128	0.859209635765	90.6141056584	0.00838676449128	-14.9383630189	0.859209635765	0.00976102238869	0.993098079275
CCAGAATTCCACGGCA	0.0941965519712	0.691941496928	82.7835880933	0.0941965519712	-13.9448298763	0.691941496928	0.136133693946	0.904181852846
CCAGAATTCTCCTCGC	0.545539289174	0.704039728233	83.6953606865	0.545539289174	-14.5415659625	0.704039728233	0.774870035449	0.519485143343
CCAGAATTGTAAGAAT	0.588230289102	0.355518322531	42.9337624028	0.588230289102	-14.6263509568	0.355518322531	1.65457095127	0.239838325761
CCAGAATTTACGGATA	-0.158643606149	0.277098099045	30.0080450523	-0.158643606149	-13.3710494324	0.277098099045	-0.572517843666	0.624752013809
CCAGAATTTGATTATA	-0.0658493420495	0.260303028578	26.3877715205	-0.0658493420495	-14.1614256269	0.260303028578	-0.252971862868	0.823916799521
CCAGACTTACCAACTA	0.437408493709	0.394800687689	49.2089031912	0.437408493709	-14.5071949211	0.394800687689	1.10792231966	0.383296045447
CCAGACTTACGATAGC	0.148644951618	0.70025279724	83.4540091177	0.148644951618	-15.229452541	0.70025279724	0.212273270745	0.851562958199
CCAGACTTCAGATAAA	-0.573303127743	0.224607828355	20.7830517565	-0.573303127743	-15.1078840978	0.224607828355	-2.55246280568	0.125287357654
CCAGACTTCCACGGCA	0.604849784473	1.1372388721	96.2724591043	0.604849784473	-14.8614991059	1.1372388721	0.531858169214	0.647990043296
CCAGACTTCTCCTCGC	0.434970316444	0.970555040289	93.4030571199	0.434970316444	-14.5247905773	0.970555040289	0.44816656283	0.697904742988
CCAGACTTGTAAGAAT	-0.871821680154	0.346976432363	41.8342719228	-0.871821680154	-14.8815348654	0.346976432363	-2.51262506279	0.128552235038
CCAGACTTTACGGATA	-0.168005095482	0.473675739477	59.8283722178	-0.168005095482	-14.0252146501	0.473675739477	-0.35468376672	0.756734763003
CCAGACTTTGATTATA	-0.271425023306	0.463043532771	58.7556985787	-0.271425023306	-14.3897606831	0.463043532771	-0.586176037664	0.617099354256
CCAGAGATACCAACTA	-0.802215678914	0.65240395514	79.5923840172	-0.802215678914	-12.6375512503	0.65240395514	-1.22963031201	0.343857934083
CCAGAGATACGATAGC	-0.53965541521	0.233048555708	21.8825422365	-0.53965541521	-13.9811556489	0.233048555708	-2.31563509832	0.146571143143
CCAGAGATAGCAATCA	0.325688091453	0.321702533259	37.3558594798	0.325688091453	-14.9064711494	0.321702533259	1.01238895496	0.417910676522
CCAGAGATCAGATAAA	0.988250641586	0.0556605841156	1.82354518638	0.988250641586	-14.8206676246	0.0556605841156	17.7549455739	0.00315719049937
CCAGAGATCCACGGCA	-0.216844100779	0.178724287969	14.6688120139	-0.216844100779	-13.4518103943	0.178724287969	-1.2132883742	0.348866735691
CCAGAGATCTCCTCGC	0.885548718024	0.285559076944	31.509788147	0.885548718024	-14.2034009693	0.285559076944	3.10110512859	0.0901448828176
CCAGAGATGTAAGAAT	-0.137133010397	0.734481899537	85.384821668	-0.137133010397	-14.304362321	0.734481899537	-0.186707133946	0.869113850184
CCAGAGATTACGGATA	0.249011401321	0.241801362653	24.1351568785	0.249011401321	-13.2862156468	0.241801362653	1.02981802331	0.411342731051
CCAGAGATTATACTTA	0.331632729911	0.825359408842	89.4073478144	0.331632729911	-14.9198203319	0.825359408842	0.401804021809	0.72669848629
CCAGAGATTGATTATA	0.0939787868635	0.123742532451	8.17913649772	0.0939787868635	-13.8180902816	0.123742532451	0.759470369661	0.526880465616
CCAGAGCTACCAACTA	-0.242635251782	0.307100102273	35.4518637704	-0.242635251782	-12.7310644967	0.307100102273	-0.790085219725	0.512277709972
CCAGAGCTACGATAGC	-0.0450676116634	0.376794546751	45.8567980692	-0.0450676116634	-13.9433317605	0.376794546751	-0.119607919096	0.915725301848
CCAGAGCTAGCAATCA	0.651081458476	0.857836709017	90.3459372486	0.651081458476	-14.2803449696	0.857836709017	0.758980644722	0.527117306335
CCAGAGCTCAGATAAA	0.124395323761	0.437728347389	54.8940734781	0.124395323761	-13.6537358641	0.437728347389	0.284183842567	0.802989968994
CCAGAGCTCCACGGCA	0.0726520606561	0.149099027607	10.8340037544	0.0726520606561	-13.8079222417	0.149099027607	0.487273873089	0.674239943415
CCAGAGCTCGAGATAT	0.288052960993	0.361284778855	43.5773665862	0.288052960993	-14.3931647262	0.361284778855	0.797301679595	0.508893686656
CCAGAGCTCTCCTCGC	-0.135801839278	0.234368044098	22.52614642	-0.135801839278	-13.3101634209	0.234368044098	-0.579438377789	0.620864731419
CCAGAGCTGTAAGAAT	0.393993707522	0.423476716307	53.2582461786	0.393993707522	-14.483092372	0.423476716307	0.930378678094	0.450393798031
CCAGAGCTTACGGATA	0.64325049286	0.452417659521	57.4684902119	0.64325049286	-12.9657574581	0.452417659521	1.42180677372	0.291002539769
CCAGAGCTTATACTTA	-0.0720587999814	0.400615944657	50.0670421024	-0.0720587999814	-14.7277692145	0.400615944657	-0.179870025002	0.873829100446
CCAGAGCTTGATTATA	-0.417441331717	0.563128790596	71.8155001341	-0.417441331717	-13.2215488317	0.563128790596	-0.741289272877	0.535742023808
CCAGAGGTACCAACTA	-0.188689358588	0.224909020804	20.8635022794	-0.188689358588	-11.4715971702	0.224909020804	-0.838958606078	0.489789828851
CCAGAGGTACGATAGC	-0.103918508862	0.283213791588	31.1075355323	-0.103918508862	-12.9175133757	0.283213791588	-0.366926018255	0.748859516883
CCAGAGGTAGCAATCA	0.175843465478	0.286267757197	31.6170555109	0.175843465478	-12.8590276784	0.286267757197	0.614262211015	0.601608417762
CCAGAGGTCAGATAAA	0.0412787415525	0.122937354472	8.12550281577	0.0412787415525	-12.5807361619	0.122937354472	0.335770537196	0.768996070468
CCAGAGGTCCACGGCA	0.467632353331	0.187627897045	15.768302494	0.467632353331	-12.434440986	0.187627897045	2.49233914943	0.130260563846
CCAGAGGTCCTATTTA	-0.553492314894	0.514742674221	65.9694288013	-0.553492314894	-14.1266827676	0.514742674221	-1.07527963508	0.394746438075
CCAGAGGTCGAGATAT	0.153100540017	0.159534016261	11.9334942344	0.153100540017	-13.3213065195	0.159534016261	0.95967332614	0.438487200204
CCAGAGGTCTCCTCGC	0.397581901485	0.183649712355	15.2587825154	0.397581901485	-12.1011007917	0.183649712355	2.16489259028	0.162801409649
CCAGAGGTGTAAGAAT	-0.127181534988	0.115774655768	7.45508179136	-0.127181534988	-12.7872406943	0.115774655768	-1.09852656564	0.386552651885
CCAGAGGTGTACCGGC	-1.72014692896	0.480654478111	61.0887637436	-1.72014692896	-14.013720388	0.480654478111	-3.57875981041	0.0699819843176
CCAGAGGTTACGGATA	0.302329035604	0.126300365494	8.36685438455	0.302329035604	-11.637079233	0.126300365494	2.39373048859	0.139031958354
CCAGAGGTTATACTTA	-0.733588727799	0.212797199996	19.066773934	-0.733588727799	-13.6374871473	0.212797199996	-3.44736081026	0.0748230596555
CCAGAGGTTGATTATA	-0.147213413043	0.166998347425	13.0598015554	-0.147213413043	-12.1755628873	0.166998347425	-0.881526166653	0.471018654031
CCAGAGGTTGGCGCTC	-0.397952002412	0.681825363783	81.8718155001	-0.397952002412	-14.4361972826	0.681825363783	-0.583656788894	0.618505030456
CCAGAGGTTTGGAAGT	0.453677431332	0.237383189753	23.1697506034	0.453677431332	-14.6228906329	0.237383189753	1.91116073469	0.196148973886
CCAGAGTAACCAACTA	-0.17257443057	0.348476933466	42.0756234916	-0.17257443057	-13.1256752941	0.348476933466	-0.495224831248	0.669500894028
CCAGAGTAACGATAGC	0.332056272406	0.622560194959	77.1788683293	0.332056272406	-14.340603589	0.622560194959	0.533372154363	0.647112640471
CCAGAGTAAGCAATCA	0.355413270739	0.603809807495	75.5698578707	0.355413270739	-14.3142806275	0.603809807495	0.588617916317	0.615739382197
CCAGAGTACAGATAAA	0.53677303911	0.464395032313	59.0775006704	0.53677303911	-14.6303640823	0.464395032313	1.15585439499	0.367165499266
CCAGAGTACCACGGCA	1.07536013733	0.184574378212	15.3660498793	1.07536013733	-13.9683948976	0.184574378212	5.82616150598	0.0282190913209
CCAGAGTACGAGATAT	0.320449195695	0.984783664246	94.0198444623	0.320449195695	-14.9523808053	0.984783664246	0.325400600486	0.775766256352
CCAGAGTACTCCTCGC	0.450011005592	0.454402493034	57.6293912577	0.450011005592	-14.2517699829	0.454402493034	0.990335688053	0.42638753929
CCAGAGTAGTAAGAAT	-0.56408778056	0.56108892262	71.4936980424	-0.56408778056	-14.743469177	0.56108892262	-1.00534471065	0.420598041695
CCAGAGTATACGGATA	0.279950615145	0.173591763386	13.8106731027	0.279950615145	-13.3795443955	0.173591763386	1.61269526666	0.248141188845
CCAGAGTATGATTATA	1.10499775377	0.438817617017	55.1354250469	1.10499775377	-14.3910188676	0.438817617017	2.51812532342	0.128094438842
CCAGAGTCACCAACTA	-0.224860333729	0.229789345095	21.5071064629	-0.224860333729	-12.7327564449	0.229789345095	-0.978549869821	0.430994855818
CCAGAGTCACGATAGC	0.448392832186	0.0925002777498	4.88066505766	0.448392832186	-13.9847519618	0.0925002777498	4.84747552217	0.0400195138724
CCAGAGTCAGCAATCA	0.764331977952	0.63031288721	77.9833735586	0.764331977952	-14.5634536322	0.63031288721	1.21262311697	0.349072461408
CCAGAGTCCAGATAAA	-1.2056210941	0.0698554406658	2.78895146152	-1.2056210941	-13.2843345829	0.0698554406658	-17.2588002109	0.00334039996924
CCAGAGTCCCACGGCA	0.0067878253846	0.513873530132	65.7817109145	0.0067878253846	-13.1843737609	0.513873530132	0.0132091360745	0.990660137707
CCAGAGTCCGAGATAT	0.0955855793301	0.164853454429	12.8720836685	0.0955855793301	-14.6210465562	0.164853454429	0.579821512755	0.62065010625
CCAGAGTCCTCCTCGC	0.393068177214	0.360103431258	43.3091981765	0.393068177214	-13.1250959883	0.360103431258	1.0915424378	0.388993838958
CCAGAGTCGTAAGAAT	-0.0152945137747	0.423121610548	53.1777956557	-0.0152945137747	-13.6996783691	0.423121610548	-0.0361468509135	0.97444866155
CCAGAGTCTACGGATA	0.022639216862	0.324316686153	37.6776615715	0.022639216862	-12.5931754569	0.324316686153	0.0698058959917	0.950699799322
CCAGAGTCTATACTTA	-0.0490154209381	0.369003684968	44.7304907482	-0.0490154209381	-14.6064551962	0.369003684968	-0.132831792567	0.906485332789
CCAGAGTCTGATTATA	-0.0620194955355	0.365599695478	44.2477876106	-0.0620194955355	-13.3489152216	0.365599695478	-0.169637711143	0.88090178493
CCAGAGTCTGGCGCTC	0.520148577798	0.295495583436	33.4137838563	0.520148577798	-9.45576783763	0.295495583436	1.76025838271	0.220430567767
CCAGAGTCTTGGAAGT	0.615322355691	0.504344964639	64.6822204344	0.615322355691	-15.018260455	0.504344964639	1.22004262724	0.346786139531
CCAGAGTGACCAACTA	-0.302717527235	0.172802526116	13.7034057388	-0.302717527235	-11.7687021519	0.172802526116	-1.75181193261	0.221904376371
CCAGAGTGACGATAGC	-0.106502842516	0.383437022306	47.170823277	-0.106502842516	-13.1800415715	0.383437022306	-0.277758370528	0.807277129417
CCAGAGTGAGCAATCA	-0.000262625369437	0.40337642465	50.3888441942	-0.000262625369437	-13.1767146798	0.40337642465	-0.00065106772084	0.999539625648
CCAGAGTGCAGATAAA	-0.140190037056	0.393881263201	48.9139179405	-0.140190037056	-12.9616194098	0.393881263201	-0.355919537569	0.755937595265
CCAGAGTGCCACGGCA	0.519732001337	0.307533897483	35.5323142934	0.519732001337	-12.6908368787	0.307533897483	1.68999907194	0.23309283431
CCAGAGTGCGAGATAT	-0.0401971211782	0.50341731243	64.4676857066	-0.0401971211782	-13.3923799597	0.50341731243	-0.0798485077601	0.94362836055
CCAGAGTGCTCCTCGC	0.162894626917	0.0570162979714	1.90399570931	0.162894626917	-12.388355983	0.0570162979714	2.85698357684	0.103788402771
CCAGAGTGGTAAGAAT	-0.102477496814	0.291274998051	32.609278627	-0.102477496814	-13.3025189804	0.291274998051	-0.351823869193	0.758581507583
CCAGAGTGTAAACAAC	-0.627880609689	0.336423819909	39.7157414857	-0.627880609689	-14.9642005579	0.336423819909	-1.86633815007	0.202973844378
CCAGAGTGTACGGATA	0.347850907139	0.0843687237306	3.70072405471	0.347850907139	-11.9939337105	0.0843687237306	4.12298410783	0.0540976317253
CCAGAGTGTATACTTA	-0.857404287891	0.248377630648	24.9664789488	-0.857404287891	-13.7616823133	0.248377630648	-3.45201895055	0.074643295229
CCAGAGTGTGATTATA	-0.596938205323	0.176776764579	14.4006436042	-0.596938205323	-12.4028367613	0.176776764579	-3.37679110003	0.0776245135499
CCAGAGTGTTGGAAGT	-0.265735462252	0.879577784358	91.3649772057	-0.265735462252	-14.2862337884	0.879577784358	-0.302117069096	0.791084954079
CCAGAGTTAAACAACG	-0.229466755949	0.389190872147	48.3775811209	-0.229466755949	-9.07649430476	0.389190872147	-0.589599531672	0.615193387941
CCAGAGTTAACAACTA	-0.0192244701884	0.510992091159	65.3526414588	-0.0192244701884	-13.3366928625	0.510992091159	-0.0376218546647	0.973406739833
CCAGAGTTAACAATCA	0.347555627794	0.295688464468	33.4674175382	0.347555627794	-14.3040703314	0.295688464468	1.1754115211	0.360810953745
CCAGAGTTAACCAACT	0.20664110096	0.472646847489	59.7747385358	0.20664110096	-14.3294423502	0.472646847489	0.437199786813	0.70464487178
CCAGAGTTAACGGATA	-0.071964416766	0.199210677016	17.1895950657	-0.071964416766	-13.3028198379	0.199210677016	-0.361247789746	0.752506137888
CCAGAGTTAAGATAAA	-0.118530766283	0.243745609888	24.5910431751	-0.118530766283	-14.4136039385	0.243745609888	-0.48628882521	0.674828788614
CCAGAGTTACAAACTA	0.968310722492	0.256286344592	25.9050683829	0.968310722492	-13.2547374531	0.256286344592	3.7782376741	0.0634570278725
CCAGAGTTACAATAGC	0.180092468846	0.474762220063	60.2842585143	0.180092468846	-13.8842352083	0.474762220063	0.379331929197	0.740929552225
CCAGAGTTACACGGCA	0.135633803497	0.879239217061	91.3113435237	0.135633803497	-14.0444272938	0.879239217061	0.154262686269	0.891563018875
CCAGAGTTACCAAATA	0.0446919037983	1.04830851149	95.2802359882	0.0446919037983	-13.9890049903	1.04830851149	0.0426323961969	0.969868031815
CCAGAGTTACCAACAA	-0.238390321888	0.482389885543	61.6787342451	-0.238390321888	-13.4638361955	0.482389885543	-0.494185987378	0.670118672969
CCAGAGTTACCAACCA	-0.193775312611	0.191247555425	15.9828372218	-0.193775312611	-12.038774685	0.191247555425	-1.01321719998	0.417595948831
CCAGAGTTACCAACGA	-0.323917629172	0.485289827086	62.2418879056	-0.323917629172	-14.9409136381	0.485289827086	-0.667472531038	0.573176988754
CCAGAGTTACCAACTA	-0.264925398043	0.0850421319806	3.72754089568	-0.264925398043	-3.10382549685	0.0850421319806	-3.11522526392	0.0894356556757
CCAGAGTTACCAACTC	-0.203936890688	0.110448301651	6.94556181282	-0.203936890688	-11.8054571911	0.110448301651	-1.84644659664	0.206104012987
CCAGAGTTACCAACTG	-0.891021348216	0.173429928591	13.7838562617	-0.891021348216	-12.2033671393	0.173429928591	-5.13764466985	0.035859948711
CCAGAGTTACCAACTT	-0.183211942852	0.381371224381	46.7417538214	-0.183211942852	-12.8193940392	0.381371224381	-0.480403164002	0.678355012979
CCAGAGTTACCAAGTA	-0.532847473694	0.0486351162436	1.42129257174	-0.532847473694	-13.9504541689	0.0486351162436	-10.9560234425	0.00822825954848
CCAGAGTTACCAATCA	-0.11474742303	0.238899044826	23.4379190131	-0.11474742303	-13.647966091	0.238899044826	-0.480317630044	0.67840635741
CCAGAGTTACCAATTA	-0.210006702875	0.099991840628	5.73880396889	-0.210006702875	-13.5221560373	0.099991840628	-2.10023839502	0.170520493421
CCAGAGTTACCACCTA	-0.807293443843	0.573564224792	72.8077232502	-0.807293443843	-14.3591215569	0.573564224792	-1.40750313382	0.294576810301
CCAGAGTTACCAGCTA	-0.307132261633	0.272048659011	27.6749798874	-0.307132261633	-12.3632666313	0.272048659011	-1.12896076294	0.376117396607
CCAGAGTTACCATAGC	0.123111717681	0.579155099167	73.2099758648	0.123111717681	-13.671118287	0.579155099167	0.212571240171	0.851359196535
CCAGAGTTACCATCTA	0.329282368993	0.316014063514	36.5245374095	0.329282368993	-12.9248280341	0.316014063514	1.04198643988	0.406825187286
CCAGAGTTACCCACTA	-0.497552342294	0.416464321396	52.4805577903	-0.497552342294	-13.5032605892	0.416464321396	-1.19470580487	0.354667522896
CCAGAGTTACCGACTA	-0.282053075639	0.375414683218	45.5886296594	-0.282053075639	-12.1727039447	0.375414683218	-0.75131071918	0.530840018811
CCAGAGTTACCTACTA	0.119678501094	0.290003325635	32.3142933762	0.119678501094	-13.1266731142	0.290003325635	0.412679754039	0.719874387179
CCAGAGTTACGAAAGC	-0.23717221622	0.747734235142	86.0016090105	-0.23717221622	-14.0816738857	0.747734235142	-0.317187852412	0.781151272841
CCAGAGTTACGAACTA	-0.715575213649	0.883126964002	91.5258782515	-0.715575213649	-13.5409727606	0.883126964002	-0.810274448429	0.50286586838
CCAGAGTTACGACAGC	0.273001639806	0.514598104555	65.9426119603	0.273001639806	-14.2121633322	0.514598104555	0.530514273935	0.648769651886
CCAGAGTTACGAGATA	-0.247821843292	0.102705668679	6.06060606061	-0.247821843292	-14.4235079826	0.102705668679	-2.4129324747	0.137260835978
CCAGAGTTACGATAAC	-0.260453973298	0.502303230816	64.3067846608	-0.260453973298	-14.391450142	0.502303230816	-0.518519406842	0.655760312413
CCAGAGTTACGATACC	0.560639717211	0.10778469586	6.73102708501	0.560639717211	-13.7464189253	0.10778469586	5.20147793465	0.0350306145741
CCAGAGTTACGATAGA	-0.649239266117	0.663582389475	80.2896218825	-0.649239266117	-13.9902128355	0.663582389475	-0.97838531645	0.431059565898
CCAGAGTTACGATAGC	-0.0700700664477	0.0289670532537	0.509519978547	-0.0700700664477	-4.51240431542	0.0289670532537	-2.41895735248	0.136711584009
CCAGAGTTACGATAGG	-0.720576891614	1.1205021702	96.0042906946	-0.720576891614	-14.0976597758	1.1205021702	-0.643083887545	0.586058605136
CCAGAGTTACGATAGT	-0.708139008821	0.399446842199	49.9597747385	-0.708139008821	-13.6977625685	0.399446842199	-1.7727991162	0.218265995755
CCAGAGTTACGATATC	0.314325973162	0.716246635462	84.285331188	0.314325973162	-14.8271663033	0.716246635462	0.438851587706	0.703626827883
CCAGAGTTACGATCGC	-0.306688275144	0.593071471532	74.4703673907	-0.306688275144	-13.9961572254	0.593071471532	-0.517118576539	0.656580497222
CCAGAGTTACGATGGC	0.300422731541	0.313433844054	36.2563689997	0.300422731541	-13.9791589061	0.313433844054	0.95848848885	0.438962153598
CCAGAGTTACGGATAG	-0.735125026302	0.872184254025	91.016358273	-0.735125026302	-7.8604168779	0.872184254025	-0.842855191331	0.488040175759
CCAGAGTTACGGTAGC	-0.407072370928	0.573648971965	72.8345400912	-0.407072370928	-13.934339557	0.573648971965	-0.709619280818	0.551516524155
CCAGAGTTACGTTAGC	1.02879824017	0.382092450162	46.7685706624	1.02879824017	-14.541452406	0.382092450162	2.69253747288	0.114687553485
CCAGAGTTACTAACTA	-0.322285035957	0.20392729815	17.940466613	-0.322285035957	-12.6852213511	0.20392729815	-1.58039183023	0.254800575405
CCAGAGTTACTATAGC	0.0916873430586	0.364135115811	44.1941539287	0.0916873430586	-14.3879145392	0.364135115811	0.251794839546	0.824710846178
CCAGAGTTAGAAATCA	0.93926952813	0.520122881614	66.4521319389	0.93926952813	-14.6296099139	0.520122881614	1.80586080969	0.212692077135
CCAGAGTTAGATTATA	0.0530162362817	0.283288726202	31.1343523733	0.0530162362817	-13.7629920732	0.283288726202	0.187145591681	0.868811764708
CCAGAGTTAGCAAACA	0.772774335409	0.179089054565	14.7224456959	0.772774335409	-14.6518501117	0.179089054565	4.31502828181	0.0497346201913
CCAGAGTTAGCAACCA	-0.316305735238	1.42590195018	98.3373558595	-0.316305735238	-12.8032444883	1.42590195018	-0.221828531196	0.845038292505
CCAGAGTTAGCAACTA	-0.331196078867	0.586304354577	73.7194958434	-0.331196078867	-13.6348853127	0.586304354577	-0.564887632647	0.629060986677
CCAGAGTTAGCAATAA	0.0301867705743	1.32727031807	97.9619200858	0.0301867705743	-14.17588018	1.32727031807	0.0227434985649	0.983919997215
CCAGAGTTAGCAATCA	0.435308637913	0.18319936861	15.1783319925	0.435308637913	-4.7327475298	0.18319936861	2.37614704252	0.140681736343
CCAGAGTTAGCAATCC	0.107953494181	0.352630480228	42.6119603111	0.107953494181	-13.0141591718	0.352630480228	0.306137728398	0.788428325903
CCAGAGTTAGCAATCG	0.613510832341	0.468156675003	59.3456690802	0.613510832341	-13.6196353074	0.468156675003	1.31048186451	0.320305828556
CCAGAGTTAGCAATCT	0.239515975844	0.236857010759	23.0893000805	0.239515975844	-14.0505885345	0.236857010759	1.01122603497	0.418353020457
CCAGAGTTAGCAATTA	0.112798385468	0.576510233475	72.9418074551	0.112798385468	-13.9938724889	0.576510233475	0.195657212861	0.862954823273
CCAGAGTTAGCAGTCA	0.325305932985	0.667406254384	80.4505229284	0.325305932985	-14.0867124286	0.667406254384	0.487418166744	0.674153718878
CCAGAGTTAGCATTCA	0.218329296122	0.610193202662	76.1330115312	0.218329296122	-14.1367154021	0.610193202662	0.357803553317	0.754723211397
CCAGAGTTAGCCATCA	0.231935424889	0.275275390577	28.9621882542	0.231935424889	-15.2076239716	0.275275390577	0.842557790592	0.488173491377
CCAGAGTTAGCGATCA	0.844612032788	0.28655636953	31.7511397157	0.844612032788	-13.6158347538	0.28655636953	2.94745509992	0.0984095445267
CCAGAGTTAGCTATCA	0.965357365202	0.699357216013	83.159023867	0.965357365202	-14.1704791866	0.699357216013	1.38034947391	0.301513112694
CCAGAGTTAGGAATCA	0.193891451664	0.234720039219	22.6334137839	0.193891451664	-14.6604007517	0.234720039219	0.826054103898	0.495629676496
CCAGAGTTAGTAATCA	0.59360969721	0.57941329607	73.2367927058	0.59360969721	-14.255872667	0.57941329607	1.02450133823	0.413334056846
CCAGAGTTATAAGAAT	-0.173514479644	0.149310159057	10.8608205953	-0.173514479644	-13.4914250478	0.149310159057	-1.16210766059	0.365119588157
CCAGAGTTATACGATA	-0.017240258222	0.488510894547	62.6173236793	-0.017240258222	-8.49636295671	0.488510894547	-0.0352914508448	0.975052942387
CCAGAGTTATATACTT	-0.710691163757	0.11659198444	7.58916599625	-0.710691163757	-14.7483550279	0.11659198444	-6.09554050537	0.0258738499464
CCAGAGTTATCAACTA	-0.240268274972	0.163087337224	12.4430142129	-0.240268274972	-12.8716380144	0.163087337224	-1.47324911341	0.278586849466
CCAGAGTTATCCTCGC	0.535134303322	0.346975421076	41.5124698311	0.535134303322	-14.3486458761	0.346975421076	1.54228302876	0.262953969953
CCAGAGTTATGATAGC	-0.135582185475	0.283469849436	31.1879860552	-0.135582185475	-13.9459001612	0.283469849436	-0.478294907711	0.679621385971
CCAGAGTTATGATTAT	-0.87146202958	1.1877038662	96.9160632877	-0.87146202958	-14.2726046978	1.1877038662	-0.733736796168	0.539464765452
CCAGAGTTCAAACAAC	0.393719754628	0.510550550146	65.2990077769	0.393719754628	-15.0774886421	0.510550550146	0.771167036281	0.521254176035
CCAGAGTTCAAATAAA	-0.150823828342	0.308921452569	35.6932153392	-0.150823828342	-14.1193254462	0.308921452569	-0.488227111094	0.673670474318
CCAGAGTTCAACGGCA	-0.258567170057	0.561834996714	71.6545990882	-0.258567170057	-13.6614304272	0.561834996714	-0.46021905287	0.690549269202
CCAGAGTTCAAGATAT	0.361722422721	0.386552016612	47.7607937785	0.361722422721	-14.517576535	0.386552016612	0.935766487243	0.448178266606
CCAGAGTTCACAACTA	0.109724730217	2.0480572032	99.5977473854	0.109724730217	-9.6614373111	2.0480572032	0.0535750320085	0.962143886275
CCAGAGTTCACATAAA	-0.185178327989	0.267602697934	27.1118262269	-0.185178327989	-13.7455145053	0.267602697934	-0.691989764747	0.560484129607
CCAGAGTTCACCAACT	0.214067410392	0.317242189504	36.7122552963	0.214067410392	-14.549530006	0.317242189504	0.674775983378	0.569368957023
CCAGAGTTCACCTCGC	0.354231135868	0.317611561802	36.7658889783	0.354231135868	-13.5894803737	0.317611561802	1.11529672868	0.380762022407
CCAGAGTTCACGATAG	0.0415734880478	0.241624405724	24.0010726736	0.0415734880478	-15.1226437036	0.241624405724	0.172058314735	0.879226958674
CCAGAGTTCACGGATA	0.288706665619	0.065200308099	2.30624832395	0.288706665619	-11.7141608717	0.065200308099	4.42799541961	0.0474045879761
CCAGAGTTCAGAAAAA	-0.638094427236	0.323601277971	37.5435773666	-0.638094427236	-13.978050581	0.323601277971	-1.97185385434	0.187388122085
CCAGAGTTCAGACAAA	-0.116274269816	0.362273005531	43.765084473	-0.116274269816	-13.818505798	0.362273005531	-0.320957587348	0.778676979669
CCAGAGTTCAGATAAA	-0.105847166626	0.0388857885608	0.884955752212	-0.105847166626	-4.22074583105	0.0388857885608	-2.72200129001	0.112619509911
CCAGAGTTCAGATAAC	-0.379828545049	0.569491610139	72.2713864307	-0.379828545049	-12.7739709732	0.569491610139	-0.666960738818	0.573444694655
CCAGAGTTCAGATAAG	0.0588546185087	0.641143425975	78.5197103781	0.0588546185087	-12.9420485362	0.641143425975	0.0917963377994	0.935226498199
CCAGAGTTCAGATAAT	-0.368080955507	0.575565070858	72.9149906141	-0.368080955507	-13.7663728741	0.575565070858	-0.639512323008	0.587966355355
CCAGAGTTCAGATACA	0.0203965816934	0.458150244754	58.0584607133	0.0203965816934	-13.7628393536	0.458150244754	0.0445194167785	0.968535605079
CCAGAGTTCAGATAGA	-0.087324839803	0.604903782029	75.5966747117	-0.087324839803	-13.6630237791	0.604903782029	-0.144361537153	0.898448695707
CCAGAGTTCAGATATA	-0.218966422619	0.273025973478	28.077232502	-0.218966422619	-13.6286155531	0.273025973478	-0.801998505234	0.506703068051
CCAGAGTTCAGATCAA	-0.757791871071	0.933732686683	92.9203539823	-0.757791871071	-13.8370533503	0.933732686683	-0.81157260732	0.502266596118
CCAGAGTTCAGATGAA	0.0583785584829	0.147419015469	10.7535532314	0.0583785584829	-13.0822833772	0.147419015469	0.39600426239	0.730354627053
CCAGAGTTCAGCTAAA	0.0105108057078	0.385504283872	47.5730758917	0.0105108057078	-14.2584741897	0.385504283872	0.0272650814725	0.980724257991
CCAGAGTTCAGGTAAA	-0.643339525954	0.365764429209	44.4086886565	-0.643339525954	-13.4670435928	0.365764429209	-1.75889035285	0.220668398761
CCAGAGTTCAGTTAAA	0.339653812829	0.141605528896	10.0026816841	0.339653812829	-13.8299728472	0.141605528896	2.39859146374	0.138580613172
CCAGAGTTCATACTTA	-0.403488144715	0.508604655912	65.138106731	-0.403488144715	-13.5939604671	0.508604655912	-0.793323733916	0.510756334788
CCAGAGTTCATATAAA	2.60786406943	4.49912930606	99.9195494771	2.60786406943	-12.6327277808	4.49912930606	0.579637501396	0.620753178393
CCAGAGTTCCAAGGCA	0.131217488781	0.658506256681	79.9678197908	0.131217488781	-13.6851593785	0.658506256681	0.199265363769	0.860476308997
CCAGAGTTCCAATTTA	-0.573303127743	0.224607828355	20.7830517565	-0.573303127743	-15.1078840978	0.224607828355	-2.55246280568	0.125287357654
CCAGAGTTCCACAGCA	0.251411137036	0.364676115966	44.2209707696	0.251411137036	-12.9612826215	0.364676115966	0.68940938556	0.561807883281
CCAGAGTTCCACCGCA	1.19521150293	0.481289646893	61.3837489944	1.19521150293	-15.0536996585	0.481289646893	2.48335178337	0.131027550437
CCAGAGTTCCACGACA	-0.359157564305	0.208445058584	18.6645213194	-0.359157564305	-12.5384520599	0.208445058584	-1.72303227884	0.227024200638
CCAGAGTTCCACGCCA	0.450296623195	0.0418572681303	1.126307321	0.450296623195	-13.1470131822	0.0418572681303	10.7579076062	0.00853020809239
CCAGAGTTCCACGGAA	0.0168989454156	0.361384630901	43.6578171091	0.0168989454156	-14.574782055	0.361384630901	0.0467616604875	0.966952573647
CCAGAGTTCCACGGCA	0.270767689352	0.035892218491	0.724054706356	0.270767689352	-3.90249380265	0.035892218491	7.54391065071	0.0171214492896
CCAGAGTTCCACGGCC	0.294325207001	0.057628370084	1.93081255028	0.294325207001	-12.7952304039	0.057628370084	5.10729709294	0.0362644036751
CCAGAGTTCCACGGCG	0.583553923501	0.258336432813	26.2536873156	0.583553923501	-13.3260408178	0.258336432813	2.25889131141	0.152407776487
CCAGAGTTCCACGGCT	0.877124214241	0.117746760287	7.69643336015	0.877124214241	-13.2220631127	0.117746760287	7.44924286754	0.0175479253845
CCAGAGTTCCACGGGA	0.924078970831	0.485911802796	62.3223384285	0.924078970831	-14.2456756654	0.485911802796	1.90174217937	0.197557375479
CCAGAGTTCCACGGTA	0.0761778509487	0.290285874814	32.3947438992	0.0761778509487	-13.3579142032	0.290285874814	0.262423554014	0.817553045251
CCAGAGTTCCACGTCA	0.386293348225	0.608036393404	75.8112094395	0.386293348225	-14.1478880411	0.608036393404	0.635312873399	0.590216441024
CCAGAGTTCCACTGCA	0.906060575292	1.71069617926	99.1686779297	0.906060575292	-13.1112713971	1.71069617926	0.529644355483	0.649274691158
CCAGAGTTCCAGATAT	0.443103217855	0.082701283177	3.5934566908	0.443103217855	-13.8588382946	0.082701283177	5.3578759704	0.033114318589
CCAGAGTTCCAGGGCA	0.0415734880478	0.241624405724	24.0010726736	0.0415734880478	-15.1226437036	0.241624405724	0.172058314735	0.879226958674
CCAGAGTTCCATGGCA	0.117599313123	0.223264423814	20.1126307321	0.117599313123	-13.1177444995	0.223264423814	0.526726610149	0.650970850141
CCAGAGTTCCCAACTA	0.0710192154337	0.199236549828	17.2164119067	0.0710192154337	-12.1134588212	0.199236549828	0.35645676205	0.75559119807
CCAGAGTTCCCCCCCC	0.0387903649627	0.173722558335	13.8374899437	0.0387903649627	-11.5861599345	0.173722558335	0.22328916483	0.844042682969
CCAGAGTTCCCCGGCA	0.98829539935	0.107492853944	6.43604183427	0.98829539935	-13.850125007	0.107492853944	9.19405674969	0.0116241552821
CCAGAGTTCCCCTCGC	0.490721324517	0.166349422295	13.0329847144	0.490721324517	-12.5162605259	0.166349422295	2.9499430641	0.0982672744344
CCAGAGTTCCGATAAA	0.325858106331	0.159809351366	11.9603110754	0.325858106331	-13.4333985212	0.159809351366	2.03904279409	0.178292529327
CCAGAGTTCCGATAGC	1.11648183309	0.292637223488	32.8506301958	1.11648183309	-14.122561686	0.292637223488	3.81524202486	0.0623442011563
CCAGAGTTCCGCGGCA	0.448187112396	0.421152973872	52.8828104049	0.448187112396	-13.5073696221	0.421152973872	1.0641907815	0.398724078291
CCAGAGTTCCTATATA	0.373082799677	0.559898160913	71.1718959507	0.373082799677	-15.6041874304	0.559898160913	0.666340462822	0.573769296079
CCAGAGTTCCTATCTA	-0.118798341702	0.382194148327	46.9562885492	-0.118798341702	-15.0395552503	0.382194148327	-0.310832445296	0.785332245549
CCAGAGTTCCTATTCA	0.152574735712	0.636883850675	78.2783588093	0.152574735712	-14.6134460173	0.636883850675	0.23956445991	0.832981738793
CCAGAGTTCCTATTTA	-0.347162605718	0.232289887545	21.7752748726	-0.347162605718	-6.11771305646	0.232289887545	-1.49452311242	0.273646959848
CCAGAGTTCCTATTTC	0.176599050234	1.02292668303	94.7975328506	0.176599050234	-14.4350602046	1.02292668303	0.172640965539	0.878823973427
CCAGAGTTCCTATTTG	0.0167451288682	0.686018526411	82.4617860016	0.0167451288682	-15.0697843238	0.686018526411	0.0244091496418	0.982742695078
CCAGAGTTCCTATTTT	0.861630074006	0.684479651755	82.1936175918	0.861630074006	-15.3013424771	0.684479651755	1.25881035586	0.335125396875
CCAGAGTTCCTCCTCG	0.54026026975	0.460412622236	58.3266291231	0.54026026975	-15.3288581789	0.460412622236	1.17342627821	0.361450116336
CCAGAGTTCCTCGGCA	0.455258528952	0.279020068378	30.6784660767	0.455258528952	-13.2600344134	0.279020068378	1.63163363696	0.244340962724
CCAGAGTTCCTCTCGC	0.231935419136	0.275275392202	29.8739608474	0.231935419136	-15.7184495905	0.275275392202	0.84255776472	0.488173502976
CCAGAGTTCGAAATAT	0.0415734880478	0.241624405724	24.0010726736	0.0415734880478	-15.1226437036	0.241624405724	0.172058314735	0.879226958674
CCAGAGTTCGACGGCA	0.598358205671	0.441514023699	55.4572271386	0.598358205671	-14.4964731748	0.441514023699	1.35524167649	0.308106963892
CCAGAGTTCGAGAAAT	1.10541991347	0.422272968371	53.0973451327	1.10541991347	-15.6565651744	0.422272968371	2.61778516805	0.120180271135
CCAGAGTTCGAGACAT	-0.147387345388	0.346720592818	41.4856529901	-0.147387345388	-14.3897930591	0.346720592818	-0.425089678664	0.712139234804
CCAGAGTTCGAGATAA	0.157759506183	0.483928219577	61.9737194958	0.157759506183	-14.8935464444	0.483928219577	0.325997740576	0.775375510894
CCAGAGTTCGAGATAC	0.579267186861	0.401315648547	50.1474926254	0.579267186861	-13.6324665332	0.401315648547	1.44342038233	0.285703449044
CCAGAGTTCGAGATAT	-0.0121986591792	0.0909928905752	4.77339769375	-0.0121986591792	-4.89415825274	0.0909928905752	-0.134061673413	0.905627162993
CCAGAGTTCGAGATCT	-0.389245005881	0.558998542768	70.769643336	-0.389245005881	-14.5601928656	0.558998542768	-0.696325618227	0.558266239618
CCAGAGTTCGAGATGT	0.341848071672	0.367880430129	44.5964065433	0.341848071672	-14.3354528881	0.367880430129	0.929236903284	0.45086480524
CCAGAGTTCGAGATTT	-0.0481947627438	0.396333409949	49.423437919	-0.0481947627438	-14.8124577979	0.396333409949	-0.121601564577	0.914330822127
CCAGAGTTCGAGGTAT	0.146607791321	0.367379507031	44.5159560204	0.146607791321	-14.0891020097	0.367379507031	0.399063607293	0.728424565782
CCAGAGTTCGAGTTAT	-0.696954859893	0.377203897156	45.9372485921	-0.696954859893	-14.1855688685	0.377203897156	-1.84768732547	0.205906901657
CCAGAGTTCGATTATA	0.221816996426	0.075603518057	3.16438723518	0.221816996426	-12.3162375605	0.075603518057	2.93395072249	0.0991869035487
CCAGAGTTCGCAATCA	0.337586447637	0.617072629789	76.6157146688	0.337586447637	-13.7853510099	0.617072629789	0.547077331483	0.639212482033
CCAGAGTTCGCGATAT	-0.0838245527402	0.562328584288	71.7082327702	-0.0838245527402	-14.3124913623	0.562328584288	-0.149066853584	0.895174538146
CCAGAGTTCGGATAAA	-0.0696456102871	0.31461033732	36.3904532046	-0.0696456102871	-13.2138682856	0.31461033732	-0.221371016859	0.845350244605
CCAGAGTTCGGGATAT	-0.470543099699	0.0984643067459	5.47063555913	-0.470543099699	-13.9341175708	0.0984643067459	-4.77881899797	0.0411072339544
CCAGAGTTCGTAGAAT	0.755244290181	0.233710233496	22.418879056	0.755244290181	-15.8280952561	0.233710233496	3.23154137875	0.0838857903038
CCAGAGTTCGTGATAT	0.985150698582	0.361120341539	43.4700992223	0.985150698582	-14.6749659732	0.361120341539	2.72803989491	0.112202165852
CCAGAGTTCTAAGAAT	0.36639273882	0.462832432113	58.5947975329	0.36639273882	-13.5169224073	0.462832432113	0.791631513693	0.511550742945
CCAGAGTTCTACGGCA	-0.0262585470492	0.173807227637	13.8643067847	-0.0262585470492	-13.0444112662	0.173807227637	-0.151078567941	0.893775735692
CCAGAGTTCTACTCGC	0.514683421199	0.674747905965	80.9868597479	0.514683421199	-14.3014919623	0.674747905965	0.76277883436	0.525283112071
CCAGAGTTCTAGATAT	0.421986949926	0.285993955125	31.5634218289	0.421986949926	-14.6526584942	0.285993955125	1.47551003217	0.278056553444
CCAGAGTTCTAGGATA	-0.436839346154	0.85195548395	90.2654867257	-0.436839346154	-14.6083472323	0.85195548395	-0.512749027836	0.659143912561
CCAGAGTTCTCATCGC	0.278758897486	0.479545255723	61.0083132207	0.278758897486	-13.4532325919	0.479545255723	0.581298415862	0.619823345187
CCAGAGTTCTCCACGC	0.358687753747	0.279943142966	30.8661839635	0.358687753747	-13.4266031634	0.279943142966	1.28128787134	0.328579317757
CCAGAGTTCTCCCCGC	0.873537632955	0.271576126095	27.5677125235	0.873537632955	-13.3237578852	0.271576126095	3.21654795477	0.0845730048374
CCAGAGTTCTCCTAGC	0.408283613001	0.234100869986	22.472512738	0.408283613001	-13.7450782483	0.234100869986	1.74404996028	0.22327017859
CCAGAGTTCTCCTCAC	0.685947717338	0.160768134338	12.0943952802	0.685947717338	-12.8143611403	0.160768134338	4.26668954121	0.0507830411878
CCAGAGTTCTCCTCCC	0.25827342712	0.0561388063276	1.87717886833	0.25827342712	-12.9470193174	0.0561388063276	4.60062199421	0.0441414607673
CCAGAGTTCTCCTCGA	0.162173299066	0.554338349135	69.9651381067	0.162173299066	-13.928389102	0.554338349135	0.292552913432	0.797422946341
CCAGAGTTCTCCTCGC	0.51343459596	0.100729933229	5.92652185573	0.51343459596	-3.89430618233	0.100729933229	5.09714023927	0.0364012691878
CCAGAGTTCTCCTCGG	0.281610209398	0.610055952146	76.0525610083	0.281610209398	-14.0034349835	0.610055952146	0.461613739538	0.689701655025
CCAGAGTTCTCCTCGT	0.090875196436	0.537204936922	68.3561276482	0.090875196436	-13.6489371765	0.537204936922	0.169162995703	0.881230362365
CCAGAGTTCTCCTCTC	0.259764289905	0.534044894778	67.9270581925	0.259764289905	-13.9452981535	0.534044894778	0.48640908741	0.674756877586
CCAGAGTTCTCCTTGC	0.225331485002	0.132775397223	8.95682488603	0.225331485002	-12.9714262321	0.132775397223	1.69708763608	0.231772902235
CCAGAGTTCTCGTCGC	-0.414498379295	0.732474122177	85.1434700992	-0.414498379295	-13.9559168085	0.732474122177	-0.565888086343	0.628494630662
CCAGAGTTCTCTTCGC	-0.236965499928	0.138747788583	9.57361222848	-0.236965499928	-13.7332043942	0.138747788583	-1.70788667947	0.229780724285
CCAGAGTTCTGATAAA	0.473823130575	0.260257186826	26.3609546795	0.473823130575	-13.656676657	0.260257186826	1.82059575896	0.21026841988
CCAGAGTTCTGCTCGC	-0.103605516344	0.336405895678	39.4207562349	-0.103605516344	-14.1796422206	0.336405895678	-0.307977706915	0.787214128834
CCAGAGTTCTGGAAGT	-1.06481581475	0.269136777047	27.3531777957	-1.06481581475	-13.9843058356	0.269136777047	-3.956411407	0.0583493022317
CCAGAGTTCTTCTCGC	0.403032652163	0.269481684853	27.4068114776	0.403032652163	-13.7851252725	0.269481684853	1.49558457891	0.27340338773
CCAGAGTTGACCAACT	-0.0147570956222	0.304841237801	35.0496111558	-0.0147570956222	-14.2634811915	0.304841237801	-0.0484091185585	0.965789620645
CCAGAGTTGACGATAG	0.152574735712	0.636883850675	78.2783588093	0.152574735712	-14.6134460173	0.636883850675	0.23956445991	0.832981738793
CCAGAGTTGAGATAAA	0.00831833333304	0.6267488266	77.6883883079	0.00831833333304	-14.0610929031	0.6267488266	0.0132721961015	0.990615553397
CCAGAGTTGCAAGAAT	0.107616184462	0.322558494725	37.4631268437	0.107616184462	-13.1333318304	0.322558494725	0.3336330812	0.770388837305
CCAGAGTTGCACGGCA	0.376438452868	0.151285063319	11.182622687	0.376438452868	-13.3085843769	0.151285063319	2.4882724349	0.130606841357
CCAGAGTTGCAGATAA	-0.00755162771098	0.167786703603	13.1134352373	-0.00755162771098	-13.976079717	0.167786703603	-0.0450073071873	0.968191132278
CCAGAGTTGCCAACTA	-0.204037959868	0.375795829911	45.6690801824	-0.204037959868	-12.4179326482	0.375795829911	-0.542948972894	0.641584153987
CCAGAGTTGCCAGGCA	1.14697311183	0.698697847619	83.132207026	1.14697311183	-15.1748362613	0.698697847619	1.64158672557	0.24237384185
CCAGAGTTGCCTCCTC	0.380471646059	0.14459861974	10.4317511397	0.380471646059	-15.3901113347	0.14459861974	2.6312259878	0.119165774311
CCAGAGTTGCGAGATA	-0.335720322964	0.49270016377	63.6363636364	-0.335720322964	-15.1728864815	0.49270016377	-0.681388697733	0.565940796502
CCAGAGTTGCGATAGC	-0.304886962013	0.34983245984	42.2097076964	-0.304886962013	-13.6137621942	0.34983245984	-0.871522791659	0.475362342951
CCAGAGTTGGAGATAT	0.41227507915	0.382991894964	47.144006436	0.41227507915	-14.9384445429	0.382991894964	1.07645901799	0.394326030165
CCAGAGTTGGCAATCA	0.0681044525175	0.592164587243	74.202198981	0.0681044525175	-13.907733602	0.592164587243	0.11500933015	0.918943716865
CCAGAGTTGTAAAAAT	-0.287533507583	0.273158205177	28.2381335479	-0.287533507583	-14.5151846351	0.273158205177	-1.05262628811	0.402920497173
CCAGAGTTGTAACAAT	-0.491394008414	0.276778200593	29.9275945294	-0.491394008414	-13.9160125552	0.276778200593	-1.77540719378	0.217819349748
CCAGAGTTGTAAGAAA	0.233929658102	0.703721829016	83.6417270046	0.233929658102	-14.4704945561	0.703721829016	0.332417794157	0.771181348693
CCAGAGTTGTAAGAAC	-0.142296258391	0.271605738685	27.5945293644	-0.142296258391	-12.7136274073	0.271605738685	-0.523907407405	0.652612988995
CCAGAGTTGTAAGAAT	-0.0471620616571	0.127708626434	8.44730490748	-0.0471620616571	-4.47222535883	0.127708626434	-0.369294251876	0.74734175539
CCAGAGTTGTAAGACT	-0.236965499928	0.138747788583	9.57361222848	-0.236965499928	-13.7332043942	0.138747788583	-1.70788667947	0.229780724285
CCAGAGTTGTAAGAGT	0.147881345782	0.268211501347	27.2727272727	0.147881345782	-13.7807316265	0.268211501347	0.551360941048	0.636758998421
CCAGAGTTGTAAGATT	0.561800833688	0.338522476543	40.2252614642	0.561800833688	-14.5683204754	0.338522476543	1.65956730385	0.238871810431
CCAGAGTTGTAAGCAT	0.146302090198	1.07905846143	95.494770716	0.146302090198	-14.2441539778	1.07905846143	0.135583098996	0.904565854236
CCAGAGTTGTAAGGAT	-0.7315580116	0.314912060235	36.4172700456	-0.7315580116	-12.9672897338	0.314912060235	-2.32305492223	0.145830862307
CCAGAGTTGTAAGTAT	-0.627880619147	0.336423805468	39.4743899169	-0.627880619147	-13.8655882804	0.336423805468	-1.8663382583	0.202973827519
CCAGAGTTGTAATAAT	0.0211800182481	1.10886725075	95.9506570126	0.0211800182481	-14.4582060883	1.10886725075	0.0191005895735	0.986495075291
CCAGAGTTGTACCGCC	-1.14478360078	0.139918638483	9.81496379726	-1.14478360078	-14.4480165554	0.139918638483	-8.1817805919	0.0146117966034
CCAGAGTTGTACCGGC	-2.91029998206	0.863522517652	90.8286403862	-2.91029998206	-5.3146480287	0.863522517652	-3.37026530585	0.0778911662852
CCAGAGTTGTACGGAA	0.231935419136	0.275275392202	29.8739608474	0.231935419136	-15.7184495905	0.275275392202	0.84255776472	0.488173502976
CCAGAGTTGTACGGAT	0.40627461786	0.478416574754	60.7937784929	0.40627461786	-13.9624586939	0.478416574754	0.849206819536	0.485201758691
CCAGAGTTGTAGGAAT	-0.337167690941	0.450136421682	57.2271386431	-0.337167690941	-14.16197871	0.450136421682	-0.749034458667	0.53194967986
CCAGAGTTGTATACTA	-0.210166978218	0.086358431572	4.42477876106	-0.210166978218	-15.3832290908	0.086358431572	-2.43365904629	0.135384079429
CCAGAGTTGTATGAAT	0.0585753950401	0.0109834854596	0.134084204881	0.0585753950401	-14.1465021218	0.0109834854596	5.33304252602	0.0334081133045
CCAGAGTTGTCAGAAT	0.56420843069	0.41370746726	52.0783051757	0.56420843069	-14.4818790389	0.41370746726	1.36378594862	0.305843326356
CCAGAGTTGTCCTCGC	0.56420843069	0.41370746726	52.0783051757	0.56420843069	-14.4818790389	0.41370746726	1.36378594862	0.305843326356
CCAGAGTTGTGAGAAT	-0.323286988919	0.315766015626	36.4977205685	-0.323286988919	-13.3815121373	0.315766015626	-1.02381818474	0.413590701862
CCAGAGTTGTTGATTA	0.366352473578	0.677758921074	81.4695628855	0.366352473578	-15.1132766166	0.677758921074	0.540535081409	0.642974119408
CCAGAGTTTAAACAAC	-0.246170630875	0.482153854262	61.5714668812	-0.246170630875	-6.5469031766	0.482153854262	-0.510564477913	0.660428349372
CCAGAGTTTAAGGATA	0.292879682422	0.293923235484	33.1992491285	0.292879682422	-13.3629677913	0.293923235484	0.996449572758	0.42401871874
CCAGAGTTTAATTATA	0.826704738995	1.40968667876	98.2300884956	0.826704738995	-13.4712184424	1.40968667876	0.586445733973	0.616949027888
CCAGAGTTTACAACTA	0.322842802197	0.218023139496	19.6567444355	0.322842802197	-14.2983136014	0.218023139496	1.48077310942	0.276827014463
CCAGAGTTTACACTTA	-1.57438415194	0.378177156638	46.017699115	-1.57438415194	-13.7100608559	0.378177156638	-4.16308633217	0.053141627357
CCAGAGTTTACAGATA	-0.0943567961831	0.429270845943	53.955484044	-0.0943567961831	-12.2306259189	0.429270845943	-0.219807138255	0.846416910208
CCAGAGTTTACCAACA	-0.210166978218	0.086358431572	4.42477876106	-0.210166978218	-15.3832290908	0.086358431572	-2.43365904629	0.135384079429
CCAGAGTTTACCAACT	-0.711804558678	0.884636095962	91.5795119335	-0.711804558678	-13.7781502855	0.884636095962	-0.804629792892	0.50547990993
CCAGAGTTTACCGATA	0.306478151768	0.0694690269615	2.73531777957	0.306478151768	-13.0325840686	0.0694690269615	4.41172368713	0.0477302326976
CCAGAGTTTACCGGGC	1.36248685214	0.513715667283	65.7548940735	1.36248685214	-12.2530351163	0.513715667283	2.65221977626	0.11760511421
CCAGAGTTTACGAATA	0.296304543175	0.243961232538	24.671493698	0.296304543175	-12.9353928475	0.243961232538	1.21455585419	0.348475174055
CCAGAGTTTACGATAG	-0.938962148269	0.328873088388	38.2944489139	-0.938962148269	-14.4241612276	0.328873088388	-2.85508964224	0.103905420152
CCAGAGTTTACGCATA	0.294844828356	0.410139276646	51.3274336283	0.294844828356	-13.2548793442	0.410139276646	0.718889521546	0.546854558181
CCAGAGTTTACGGAAA	-0.0992053124858	0.276964352821	29.9544113703	-0.0992053124858	-13.5370268506	0.276964352821	-0.35818801761	0.75447553804
CCAGAGTTTACGGACA	0.747211370548	0.0915438364996	4.80021453473	0.747211370548	-12.4392519746	0.0915438364996	8.16233401526	0.0146799766315
CCAGAGTTTACGGATA	0.230472770262	0.0122947208201	0.160901045857	0.230472770262	-3.21114236249	0.0122947208201	18.7456692701	0.00283366868935
CCAGAGTTTACGGATC	0.392038075957	0.163368771282	12.5234647359	0.392038075957	-11.9156050918	0.163368771282	2.39971245962	0.138476816553
CCAGAGTTTACGGATG	-0.181002797329	0.157958479916	11.8530437115	-0.181002797329	-12.5595252945	0.157958479916	-1.14588844755	0.370453710475
CCAGAGTTTACGGATT	0.525951749248	0.485943147543	62.3491552695	0.525951749248	-13.0755700477	0.485943147543	1.08233185694	0.392240105783
CCAGAGTTTACGGCTA	0.0502639762163	0.164122646373	12.6039152588	0.0502639762163	-12.8095073612	0.164122646373	0.306258626259	0.788348515574
CCAGAGTTTACGGGTA	-0.202337743612	0.257582250475	26.1196031108	-0.202337743612	-12.6065850434	0.257582250475	-0.785526732678	0.514426728625
CCAGAGTTTACGGTTA	0.331992566914	0.182447925687	14.9906141057	0.331992566914	-12.8085044043	0.182447925687	1.8196565714	0.210421807349
CCAGAGTTTACGTATA	0.0467459279348	0.36908571686	44.7573075892	0.0467459279348	-12.8583813682	0.36908571686	0.126653310598	0.910799588122
CCAGAGTTTACTGATA	0.670617211741	0.3672802767	44.4891391794	0.670617211741	-12.7838758615	0.3672802767	1.8259004207	0.209404839738
CCAGAGTTTAGATAAA	-0.558571646112	0.232461725264	21.8020917136	-0.558571646112	-13.06475864	0.232461725264	-2.40285425687	0.138186482024
CCAGAGTTTAGCAATC	-0.00196673055028	0.714368316129	84.231697506	-0.00196673055028	-14.5837862153	0.714368316129	-0.0027531043943	0.998053264902
CCAGAGTTTATACATA	-0.573303127743	0.224607828355	20.7830517565	-0.573303127743	-15.1078840978	0.224607828355	-2.55246280568	0.125287357654
CCAGAGTTTATACCTA	-0.0579244068354	1.25367117384	97.5596674712	-0.0579244068354	-14.2484835458	1.25367117384	-0.0462038276417	0.967346382694
CCAGAGTTTATACTAA	0.650545928086	1.25928853982	97.6937516761	0.650545928086	-15.3795744317	1.25928853982	0.516597989669	0.656885500832
CCAGAGTTTATACTCA	-0.14022690202	0.573826132386	72.8613569322	-0.14022690202	-14.034486582	0.573826132386	-0.244371760201	0.829726453561
CCAGAGTTTATACTTA	-0.586830003515	0.0102570901147	0.0804505229284	-0.586830003515	-5.22116875993	0.0102570901147	-57.2121329689	0.000305368865691
CCAGAGTTTATACTTC	-1.39389199397	0.412956375749	51.702869402	-1.39389199397	-13.7550209266	0.412956375749	-3.37539768321	0.0776813399915
CCAGAGTTTATACTTT	1.40539619201	0.222000538171	19.9785465272	1.40539619201	-15.5177214139	0.222000538171	6.33059813095	0.0240555863493
CCAGAGTTTATGGATA	0.473758954821	0.742488925929	85.6798069187	0.473758954821	-9.86085578789	0.742488925929	0.638068714935	0.588739000607
CCAGAGTTTATTCTTA	-0.313033892039	0.922952938446	92.4376508447	-0.313033892039	-14.5474488126	0.922952938446	-0.339165605308	0.766786762148
CCAGAGTTTCACGGCA	-0.379382835819	0.363770924058	44.0868865648	-0.379382835819	-13.317619423	0.363770924058	-1.04291687633	0.406482045238
CCAGAGTTTCAGATAA	0.338497783274	0.659485217627	80.0482703138	0.338497783274	-13.5555365466	0.659485217627	0.513275770597	0.658834491815
CCAGAGTTTCATTATA	0.0995311585533	0.448564830203	57.0126039153	0.0995311585533	-12.8777874576	0.448564830203	0.221888012282	0.844997739255
CCAGAGTTTCCAACTA	-0.550471604429	0.296589567381	33.681952266	-0.550471604429	-12.2724130916	0.296589567381	-1.85600461031	0.20459199996
CCAGAGTTTCCGGATA	0.196356526799	0.155071728054	11.5312416197	0.196356526799	-12.324322776	0.155071728054	1.26623033911	0.332947313481
CCAGAGTTTCGATAGC	0.234219228232	0.413682638965	52.0246714937	0.234219228232	-13.9617994822	0.413682638965	0.566180946868	0.628328920963
CCAGAGTTTCGGAAGT	0.907658968426	0.324391544324	37.7581120944	0.907658968426	-14.5948436808	0.324391544324	2.7980352272	0.107520014786
CCAGAGTTTCTACTTA	-0.0279940526734	0.792379302277	88.6296594261	-0.0279940526734	-14.0380169305	0.792379302277	-0.0353291063925	0.975026340773
CCAGAGTTTCTCCTCG	0.0844770962736	0.751023748743	86.2965942612	0.0844770962736	-14.7399574868	0.751023748743	0.112482589818	0.920713193358
CCAGAGTTTGAACAAC	0.148644951618	0.70025279724	83.4540091177	0.148644951618	-15.229452541	0.70025279724	0.212273270745	0.851562958199
CCAGAGTTTGAATATA	0.182693025312	0.460067610578	58.2193617592	0.182693025312	-13.5497534408	0.460067610578	0.397100385054	0.729662736682
CCAGAGTTTGACTATA	0.260024736273	0.196216070766	16.814159292	0.260024736273	-13.1091668577	0.196216070766	1.32519591926	0.316231704083
CCAGAGTTTGAGATAT	-0.791307252787	0.720559376251	84.4730490748	-0.791307252787	-13.4745831916	0.720559376251	-1.09818465885	0.386671752556
CCAGAGTTTGATAATA	0.231935419136	0.275275392202	29.8739608474	0.231935419136	-15.7184495905	0.275275392202	0.84255776472	0.488173502976
CCAGAGTTTGATCATA	0.471138429125	0.0865971562466	4.45159560204	0.471138429125	-12.9424442608	0.0865971562466	5.44057622151	0.0321629271275
CCAGAGTTTGATTAAA	0.015603080922	0.50737837091	65.0308393671	0.015603080922	-13.358950062	0.50737837091	0.0307523572477	0.97825993898
CCAGAGTTTGATTACA	0.487362441714	0.250911542015	25.2882810405	0.487362441714	-12.9712486379	0.250911542015	1.94236756827	0.191577351916
CCAGAGTTTGATTATA	0.0728632545893	0.0502039615207	1.55537677662	0.0728632545893	-3.86614466822	0.0502039615207	1.45134472225	0.283790837146
CCAGAGTTTGATTATC	0.560938707924	0.144927835762	10.4853848217	0.560938707924	-12.8488522692	0.144927835762	3.87046908536	0.0607353659788
CCAGAGTTTGATTATG	-0.10204368817	0.622769776384	77.2325020113	-0.10204368817	-13.3608892957	0.622769776384	-0.163854592885	0.88490724293
CCAGAGTTTGATTATT	-0.146945489367	0.255788019798	25.7709841781	-0.146945489367	-13.2870204263	0.255788019798	-0.574481515918	0.623646988603
CCAGAGTTTGATTCTA	-0.239328030975	0.551574905552	69.5628854921	-0.239328030975	-13.2708564645	0.551574905552	-0.433899418858	0.706681980691
CCAGAGTTTGATTGTA	0.226692646144	0.439596890628	55.2158755699	0.226692646144	-13.2767189575	0.439596890628	0.515683006357	0.657421838163
CCAGAGTTTGATTTTA	-0.147446265205	0.65944217852	80.0214534728	-0.147446265205	-13.8242031612	0.65944217852	-0.223592408868	0.843836042652
CCAGAGTTTGCAATCA	0.0167451288682	0.686018526411	82.4617860016	0.0167451288682	-15.0697843238	0.686018526411	0.0244091496418	0.982742695078
CCAGAGTTTGCCGCTC	-0.335720322964	0.49270016377	63.6363636364	-0.335720322964	-15.1728864815	0.49270016377	-0.681388697733	0.565940796502
CCAGAGTTTGCGGATA	0.285791816723	0.190228899987	15.9560203808	0.285791816723	-12.4396866163	0.190228899987	1.5023575111	0.271855649684
CCAGAGTTTGCTTATA	0.332139644221	0.297330852889	33.9233038348	0.332139644221	-13.7904001229	0.297330852889	1.11707090264	0.38015524374
CCAGAGTTTGGAGCCA	0.508899534331	0.555110462245	70.3405738804	0.508899534331	-15.4176297256	0.555110462245	0.916753635434	0.4560486702
CCAGAGTTTGGCGCTC	-0.359444451269	0.269798725984	27.4604451596	-0.359444451269	-6.71897924343	0.269798725984	-1.3322688977	0.314295753962
CCAGAGTTTGGTGCTC	-0.679997222496	0.338025841193	40.0375435774	-0.679997222496	-14.8391840012	0.338025841193	-2.01167230321	0.181924248001
CCAGAGTTTGGTTATA	0.353605581203	0.0827184754144	3.62027353178	0.353605581203	-13.5874717731	0.0827184754144	4.27480776733	0.0506047217367
CCAGAGTTTGTAAGAA	0.231935419136	0.275275392202	29.8739608474	0.231935419136	-15.7184495905	0.275275392202	0.84255776472	0.488173502976
CCAGAGTTTGTACTTA	0.454334783034	1.34089610859	98.0155537678	0.454334783034	-14.7349627589	1.34089610859	0.338829220343	0.767005500979
CCAGAGTTTGTAGAAT	0.0373691402481	0.934207174391	92.9739876643	0.0373691402481	-14.3479760001	0.934207174391	0.0400009133654	0.971726390605
CCAGAGTTTGTTTATA	0.381241446824	0.340308019761	40.466613033	0.381241446824	-13.4263594025	0.340308019761	1.12028346288	0.379059350897
CCAGAGTTTTAAGAAT	-0.178058637945	0.210065933271	18.8254223652	-0.178058637945	-13.5306528663	0.210065933271	-0.847632146593	0.485903878428
CCAGAGTTTTACGGAT	1.07392396043	0.0893741124076	4.58567980692	1.07392396043	-13.4282127097	0.0893741124076	12.016051757	0.0068547716432
CCAGAGTTTTAGGATA	0.246556252843	0.3446393007	40.9224993296	0.246556252843	-14.7980085871	0.3446393007	0.71540376371	0.548603203584
CCAGAGTTTTATTATA	0.168469496137	0.27875726868	30.4371145079	0.168469496137	-13.7647617743	0.27875726868	0.604359114775	0.607032570202
CCAGAGTTTTCCTCGC	-0.0336706921284	0.279911983202	30.8393671226	-0.0336706921284	-13.9264843357	0.279911983202	-0.120290284622	0.915247956777
CCAGAGTTTTCGAAGT	-0.769377594977	0.622954807516	77.3129525342	-0.769377594977	-14.5746999252	0.622954807516	-1.23504560153	0.34221701627
CCAGAGTTTTCGGATA	0.0307925479915	0.354798857063	42.8264950389	0.0307925479915	-12.6025799327	0.354798857063	0.0867887462953	0.938746325622
CCAGAGTTTTGATATA	0.115899306289	0.0838466116878	3.67390721373	0.115899306289	-13.8030681478	0.0838466116878	1.38227775644	0.301013924447
CCAGAGTTTTGATTAT	0.510777833444	0.709344342376	84.0171627782	0.510777833444	-14.8253600936	0.709344342376	0.720070356427	0.546263369951
CCAGAGTTTTGATTTA	-0.168005090158	0.47367576455	60.0429069456	-0.168005090158	-15.1238269147	0.47367576455	-0.354683736707	0.75673478237
CCAGAGTTTTGCAAGT	0.373082799677	0.559898160913	71.1718959507	0.373082799677	-15.6041874304	0.559898160913	0.666340462822	0.573769296079
CCAGAGTTTTGGAAGC	-0.305319610994	0.347984264732	42.0219898096	-0.305319610994	-14.1430950351	0.347984264732	-0.877394876544	0.47280755014
CCAGAGTTTTGGAAGT	-0.259892060828	0.00947666086247	0.0536336819523	-0.259892060828	-5.96348000449	0.00947666086247	-27.4244340491	0.00132696522553
CCAGAGTTTTGGACGT	-0.297074585259	1.17471415233	96.8624296058	-0.297074585259	-15.0685230017	1.17471415233	-0.252890956213	0.823971370006
CCAGAGTTTTGGGAGT	0.508899534331	0.555110462245	70.3405738804	0.508899534331	-15.4176297256	0.555110462245	0.916753635434	0.4560486702
CCAGAGTTTTTACTTA	0.854927739223	0.624132919542	77.4202198981	0.854927739223	-15.221288445	0.624132919542	1.36978472446	0.304266272803
CCAGATTATGATTATA	-0.232868197563	0.770749307653	87.0474658085	-0.232868197563	-8.89921854003	0.770749307653	-0.302132217636	0.791074936039
CCAGATTTACCAACTA	-0.365788980227	0.803412812788	88.9246446769	-0.365788980227	-13.6250236006	0.803412812788	-0.455293934084	0.693548385401
CCAGATTTTACGGATA	0.428464562718	1.13521069252	96.1651917404	0.428464562718	-13.9446492573	1.13521069252	0.377431753897	0.742140813449
CCAGATTTTGATTATA	0.542491483812	0.490099389453	62.8586752481	0.542491483812	-14.7886222311	0.490099389453	1.10690095823	0.383648530025
CCAGCCATACCAACTA	-0.69809536059	0.0669599070738	2.44033252883	-0.69809536059	-12.6296902634	0.0669599070738	-10.4255724223	0.00907521052867
CCAGCCATACGATAGC	-0.706247583853	0.2376585569	23.2233842853	-0.706247583853	-13.6772112181	0.2376585569	-2.97169011318	0.0970360711157
CCAGCCATATCGGTCC	0.755346898381	0.332513273884	38.6698846876	0.755346898381	-14.3002025634	0.332513273884	2.27162930838	0.151070036342
CCAGCCATCAGATAAA	0.607641002143	0.714290576115	84.2048806651	0.607641002143	-14.1783208089	0.714290576115	0.850691612715	0.484540662281
CCAGCCATCCACGGCA	0.324227085451	0.373953131466	45.4545454545	0.324227085451	-13.2547866374	0.373953131466	0.867025993819	0.477328418793
CCAGCCATCGAGATAT	-0.179150946147	0.0316745127106	0.563153660499	-0.179150946147	-12.8998552751	0.0316745127106	-5.65599691411	0.0298661506353
CCAGCCATGTAAGAAT	-0.0730553556859	0.369355267762	44.8645749531	-0.0730553556859	-14.0735241159	0.369355267762	-0.197791562927	0.861488379559
CCAGCCATGTACCGGC	0.115052247789	0.22406214473	20.219898096	0.115052247789	-13.54817781	0.22406214473	0.513483649493	0.658712409503
CCAGCCATTAAACAAC	1.10541991347	0.422272968371	53.0973451327	1.10541991347	-15.6565651744	0.422272968371	2.61778516805	0.120180271135
CCAGCCATTACGGATA	0.535606655572	0.195840228849	16.5996245642	0.535606655572	-13.4877207255	0.195840228849	2.73491640977	0.111729563931
CCAGCCATTATACTTA	0.45525987147	0.438310900122	55.108608206	0.45525987147	-15.2997827181	0.438310900122	1.03866883379	0.408051345445
CCAGCCATTGATTATA	0.39478463067	0.291766425982	32.7165459909	0.39478463067	-13.1795994254	0.291766425982	1.35308450704	0.308681711748
CCAGCGTTCTCCTCGC	0.231935419136	0.275275392202	29.8739608474	0.231935419136	-15.7184495905	0.275275392202	0.84255776472	0.488173502976
CCAGGGTTACCAACTA	-0.273720987162	0.0334220957913	0.643604183427	-0.273720987162	-11.7140626289	0.0334220957913	-8.18982115518	0.0145837439612
CCAGGGTTACGATAGC	0.348730214716	0.277920597935	30.1689460981	0.348730214716	-13.0989425926	0.277920597935	1.25478362276	0.336314563055
CCAGGGTTAGCAATCA	0.560211493586	0.107897252274	6.81147760794	0.560211493586	-13.4295215784	0.107897252274	5.19208303991	0.0351508905553
CCAGGGTTCAGATAAA	0.323852028052	0.25444115308	25.6368999732	0.323852028052	-12.9774121577	0.25444115308	1.27279736054	0.331033771646
CCAGGGTTCCACGGCA	0.32951652578	0.0251064032923	0.375435773666	0.32951652578	-12.436005997	0.0251064032923	13.1248001533	0.00575509969287
CCAGGGTTCCTATTTA	0.619548296523	0.796757466141	88.790560472	0.619548296523	-15.0680904181	0.796757466141	0.777587061121	0.518190858232
CCAGGGTTCGAGATAT	-0.254309696327	0.0968313674254	5.30973451327	-0.254309696327	-13.1525336628	0.0968313674254	-2.62631524359	0.119535031855
CCAGGGTTCTCCTCGC	0.192672917907	0.253205763756	25.4491820864	0.192672917907	-12.2346324305	0.253205763756	0.760934170884	0.526173153473
CCAGGGTTGTAAGAAT	-0.0346934631068	0.064959102684	2.27943148297	-0.0346934631068	-12.9130499179	0.064959102684	-0.534081624797	0.646701799594
CCAGGGTTTAAACAAC	-0.0937112659959	0.865607381521	90.9359077501	-0.0937112659959	-14.8075437391	0.865607381521	-0.108260705715	0.923671444079
CCAGGGTTTACGGATA	0.129784221395	0.153110215546	11.289890051	0.129784221395	-11.621017048	0.153110215546	0.847652267566	0.485894900304
CCAGGGTTTATACTTA	-1.06359441301	0.748053351007	86.0284258514	-1.06359441301	-13.5904803974	0.748053351007	-1.42181625358	0.291000188826
CCAGGGTTTGATTATA	0.180995899928	0.138121013059	9.51997854653	0.180995899928	-12.2631182317	0.138121013059	1.31041538083	0.320324381289
CCAGGGTTTGGCGCTC	-0.134148914752	0.857976248067	90.4532046125	-0.134148914752	-14.8871231008	0.857976248067	-0.156355044857	0.890109865866
CCAGTGCTACCAACTA	-0.361770567236	0.144466195607	10.2172164119	-0.361770567236	-13.7133992656	0.144466195607	-2.50418837235	0.129258888158
CCAGTGCTACGATAGC	0.538628621937	0.223366563247	20.1394475731	0.538628621937	-13.9486026316	0.223366563247	2.41141115351	0.137400010494
CCAGTGCTCAGATAAA	0.394289533096	0.185022531126	15.4733172432	0.394289533096	-14.8193009321	0.185022531126	2.13103523499	0.166782801069
CCAGTGCTCCACGGCA	-0.324868159783	0.287713700819	32.1265754894	-0.324868159783	-14.5028910163	0.287713700819	-1.12913691235	0.376057947723
CCAGTGCTCCTATTTA	0.45525987147	0.438310900122	55.108608206	0.45525987147	-15.2997827181	0.438310900122	1.03866883379	0.408051345445
CCAGTGCTCGAGATAT	0.676318261257	0.679674342869	81.6572807723	0.676318261257	-13.7953807225	0.679674342869	0.995062221125	0.424554980176
CCAGTGCTCTCCTCGC	0.736992061315	0.365716458758	44.3818718155	0.736992061315	-14.0175911117	0.365716458758	2.0152006935	0.181450495891
CCAGTGCTGTAAGAAT	0.672764457912	0.404605145797	50.54974524	0.672764457912	-14.2511863675	0.404605145797	1.662767923	0.238255321542
CCAGTGCTTACGGATA	-0.603830551873	0.511639030922	65.4330919818	-0.603830551873	-13.7427562989	0.511639030922	-1.18018860051	0.359278352826
CCAGTGTTACCAACTA	0.113772627862	0.528252545039	67.417538214	0.113772627862	-13.3227736316	0.528252545039	0.215375446707	0.849442515028
CCAGTGTTACGATAGC	0.619395318484	0.802199181305	88.8441941539	0.619395318484	-14.5889713398	0.802199181305	0.772121603859	0.520797591231
CCAGTGTTAGCAATCA	0.402482288182	0.256132245923	25.878251542	0.402482288182	-14.5477093015	0.256132245923	1.57138468346	0.256698173713
CCAGTGTTCAGATAAA	0.233929658102	0.703721829016	83.6417270046	0.233929658102	-14.4704945561	0.703721829016	0.332417794157	0.771181348693
CCAGTGTTCCACGGCA	0.607524524224	0.819245040395	89.3000804505	0.607524524224	-13.7576147226	0.819245040395	0.741566313213	0.535605930898
CCAGTGTTCGAGATAT	0.186309992455	0.971747960739	93.6980423706	0.186309992455	-15.1811356669	0.971747960739	0.191726661627	0.865657731877
CCAGTGTTCTCCTCGC	0.409265487625	0.292714010838	32.9042638777	0.409265487625	-14.0965475944	0.292714010838	1.398175258	0.296937092572
CCAGTGTTGTAAGAAT	0.651010718387	0.570827036814	72.4859211585	0.651010718387	-14.6434567147	0.570827036814	1.14046931277	0.372256052084
CCAGTGTTTACGGATA	0.864452889642	0.0945801911029	5.04156610351	0.864452889642	-13.4341707123	0.0945801911029	9.13989366654	0.0117599052303
CCAGTGTTTGATTATA	-0.418023341775	1.47042547036	98.4982569053	-0.418023341775	-13.1187436687	1.47042547036	-0.284287337373	0.802921007572
CCAGTTAGCCACGGCA	0.257837184392	0.441611422742	55.5644945025	0.257837184392	-15.0953050888	0.441611422742	0.58385533325	0.618394151505
CCATAGTTACCAACTA	0.581965223363	1.24536053319	97.4255832663	0.581965223363	-13.6479761424	1.24536053319	0.46730662154	0.686249514267
CCATAGTTACGATAGC	0.142705074183	0.287307876459	31.9656744436	0.142705074183	-14.5208946548	0.287307876459	0.496697396332	0.668625917525
CCATAGTTAGCAATCA	0.873132230029	0.594271627638	74.5508179136	0.873132230029	-15.0571163671	0.594271627638	1.46924771337	0.279528493491
CCATAGTTCAGATAAA	0.898171588865	0.347315072424	41.9683561276	0.898171588865	-15.1366950718	0.347315072424	2.58604264594	0.12262478859
CCATAGTTCCACGGCA	1.06823060129	0.0942651689369	5.01474926254	1.06823060129	-15.3182835171	0.0942651689369	11.3321878413	0.00769724876211
CCATAGTTCTCCTCGC	0.0594730256174	1.03356312164	94.9316170555	0.0594730256174	-14.1465325688	1.03356312164	0.0575417450297	0.959345480283
CCATAGTTGTAAGAAT	-0.0427037456282	0.107542538891	6.65057656208	-0.0427037456282	-14.9993810835	0.107542538891	-0.397087013832	0.729671174293
CCATAGTTTACGGATA	0.285194478135	0.195879554723	16.6264414052	0.285194478135	-13.710125274	0.195879554723	1.45596858508	0.282682227434
CCATAGTTTGATTATA	1.34359402708	0.612501816959	76.3207294181	1.34359402708	-15.1328166354	0.612501816959	2.19361639408	0.159524873036
CCCAGAGTTACGGATA	0.197810149821	0.929677618669	92.6253687316	0.197810149821	-15.0168197162	0.929677618669	0.21277284281	0.851221344504
CCCGAGTTACCAACTA	-0.335124332042	0.781753005206	87.8787878788	-0.335124332042	-14.5068444789	0.781753005206	-0.428683138805	0.709909818059
CCCGAGTTCCACGGCA	0.231935419136	0.275275392202	29.8739608474	0.231935419136	-15.7184495905	0.275275392202	0.84255776472	0.488173502976
CCCGAGTTGTAAGAAT	0.661176785601	0.362437056992	43.9259855189	0.661176785601	-15.223483302	0.362437056992	1.82425271601	0.209672576544
CCCGAGTTTACGGATA	0.857754004328	0.160316542481	12.0139447573	0.857754004328	-14.7438504841	0.160316542481	5.35037739122	0.0332026284822
CCCGCCATACCAACTA	-0.818044118421	0.74312058356	85.7066237597	-0.818044118421	-14.2907465835	0.74312058356	-1.10082284964	0.385753842138
CCCGCCATCCACGGCA	-0.440261365488	0.118881463094	7.72325020113	-0.440261365488	-14.5324102172	0.118881463094	-3.70336429272	0.0657985735859
CCCGCCATCGAGATAT	0.906850540273	0.889454562903	91.6599624564	0.906850540273	-14.8250548953	0.889454562903	1.01955802814	0.415195135102
CCCGCCATGTACCGGC	0.719615754473	0.541570748747	68.8656476267	0.719615754473	-15.0123876963	0.541570748747	1.32875668809	0.315255271615
CCCGCCATTGATTATA	0.270882378912	0.513888297678	65.8353445964	0.270882378912	-14.6555567318	0.513888297678	0.527123073509	0.650740174025
CCGACCATACCAACTA	-0.284559856549	0.244929306636	24.8055779029	-0.284559856549	-12.6374811648	0.244929306636	-1.16180403422	0.365218619981
CCGACCATACGATAGC	-1.59355419379	0.973258871259	93.7784928935	-1.59355419379	-9.81891347377	0.973258871259	-1.63733847268	0.24321095065
CCGACCATAGCAATCA	-0.871821680154	0.346976432363	41.8342719228	-0.871821680154	-14.8815348654	0.346976432363	-2.51262506279	0.128552235038
CCGACCATCAGATAAA	-0.585076494444	0.30684207778	35.4250469295	-0.585076494444	-13.8439414787	0.30684207778	-1.90676747686	0.196804243423
CCGACCATCCACGGCA	-0.05674685346	0.48617875701	62.3759721105	-0.05674685346	-13.0477888752	0.48617875701	-0.116720141803	0.917746069257
CCGACCATCGAGATAT	0.492056014594	0.250888899685	25.2614641995	0.492056014594	-13.3883361185	0.250888899685	1.96125063808	0.188880261771
CCGACCATCTCCTCGC	0.231935419136	0.275275392202	29.8739608474	0.231935419136	-15.7184495905	0.275275392202	0.84255776472	0.488173502976
CCGACCATGTAAGAAT	-0.321651340731	0.119651149908	7.88415124698	-0.321651340731	-14.4513991314	0.119651149908	-2.68824278728	0.114993454357
CCGACCATGTACCGGC	-0.246405267129	0.543965940579	69.0801823545	-0.246405267129	-13.0176662206	0.543965940579	-0.452979219373	0.69496107991
CCGACCATTAAACAAC	0.341612492125	0.0805387152775	3.43255564495	0.341612492125	-15.0058978498	0.0805387152775	4.24159351124	0.0513401253186
CCGACCATTACGGATA	-0.450606275895	0.287992951447	32.1802091714	-0.450606275895	-12.9922650399	0.287992951447	-1.56464341794	0.25813024517
CCGACCATTATACTTA	-1.32181270703	0.335605719489	39.0989541432	-1.32181270703	-14.4685347633	0.335605719489	-3.9385881416	0.0588327953174
CCGACCATTGATTATA	-0.0697742903336	0.232993829808	21.8289085546	-0.0697742903336	-12.8143611938	0.232993829808	-0.29946840391	0.792837579283
CCGCCATAATCGGTCC	0.600357286409	0.240479351214	23.6256369	0.600357286409	-15.2077102906	0.240479351214	2.49650243723	0.129907388941
CCGCCATATGATTATA	0.186309992455	0.971747960739	93.6980423706	0.186309992455	-15.1811356669	0.971747960739	0.191726661627	0.865657731877
CCGCCATCCCACGGCA	1.02169323027	1.41298738822	98.2569053366	1.02169323027	-15.1183213799	1.41298738822	0.723073141903	0.544762713056
CCGCCATCGTACCGGC	0.106998493537	0.790972749855	88.5223920622	0.106998493537	-15.3140955054	0.790972749855	0.135274563576	0.904781054707
CCGCCATTCGAGATAT	-0.0404709635536	0.778932924726	87.7178868329	-0.0404709635536	-15.3837788856	0.778932924726	-0.0519569301398	0.963285671803
CCGCCCATACCAACTA	-0.309332446615	0.382431113959	47.0099222312	-0.309332446615	-13.0617917023	0.382431113959	-0.808857949378	0.503520582937
CCGCCCATACGATAGC	0.717987580198	0.226152090432	20.9975864843	0.717987580198	-14.7109128333	0.226152090432	3.17479966171	0.0865295753812
CCGCCCATAGCAATCA	-0.154420276085	0.793016498663	88.6832931081	-0.154420276085	-14.7216949826	0.793016498663	-0.194725174502	0.863595480391
CCGCCCATATCGGTCC	0.697213348966	0.357183309378	43.0678466077	0.697213348966	-14.5919495046	0.357183309378	1.95197628405	0.190198514255
CCGCCCATCAGATAAA	-0.0346369953581	0.345623283747	41.0565835345	-0.0346369953581	-14.2093896556	0.345623283747	-0.100216035745	0.929313819104
CCGCCCATCCACGGCA	0.301114453009	0.895431702382	91.9281308662	0.301114453009	-13.9131655788	0.895431702382	0.336278525999	0.768665273237
CCGCCCATCGAGATAT	-0.0213494920836	0.504882844251	64.7894877983	-0.0213494920836	-13.3351606924	0.504882844251	-0.0422860319513	0.970112617543
CCGCCCATGTAAGAAT	0.0415734880478	0.241624405724	24.0010726736	0.0415734880478	-15.1226437036	0.241624405724	0.172058314735	0.879226958674
CCGCCCATGTACCGGC	0.14183262808	0.286726866272	31.8315902387	0.14183262808	-14.0639745112	0.286726866272	0.494661103524	0.669836078581
CCGCCCATTACGGATA	-0.39941216899	0.209750194008	18.7717886833	-0.39941216899	-13.7250030741	0.209750194008	-1.90422788822	0.197184366565
CCGCCCATTGATTATA	0.298926224159	0.447703726359	56.9321533923	0.298926224159	-13.8373910669	0.447703726359	0.667687594629	0.573064527756
CCGGACATACCAACTA	-0.3040952041	0.493671953569	63.7972646822	-0.3040952041	-13.8987503757	0.493671953569	-0.615986389142	0.600668281464
CCGGACATCAGATAAA	0.516304096045	0.932760697954	92.8935371413	0.516304096045	-15.4882463861	0.932760697954	0.553522567125	0.635523762523
CCGGACATCCACGGCA	0.841831703884	0.944664104681	93.0812550282	0.841831703884	-14.5120586464	0.944664104681	0.891143952346	0.466881229581
CCGGACATCGAGATAT	0.679904861649	0.11313177997	7.1869133816	0.679904861649	-14.6489989041	0.11313177997	6.00984853088	0.0265875824942
CCGGACATGTACCGGC	-0.370827764206	0.676834916458	81.3354786806	-0.370827764206	-14.6073760699	0.676834916458	-0.547885097517	0.638749249885
CCGGACATTACGGATA	-0.222726468439	0.71165322471	84.1780638241	-0.222726468439	-14.1799777243	0.71165322471	-0.312970504041	0.783924370444
CCGGACATTGATTATA	-0.183397680875	1.15237907431	96.4869938321	-0.183397680875	-13.784327846	1.15237907431	-0.159147007233	0.888171933161
CCGGAGTTACCAACTA	-0.123427797903	0.0933908536094	4.93429873961	-0.123427797903	-11.4108604755	0.0933908536094	-1.32162618857	0.317214294928
CCGGAGTTACGATAGC	0.217026187939	0.204224521332	17.994100295	0.217026187939	-12.912222942	0.204224521332	1.06268427769	0.399267950159
CCGGAGTTAGCAATCA	0.649477472045	0.230599440627	21.5875569858	0.649477472045	-12.890477504	0.230599440627	2.81647462057	0.106332601397
CCGGAGTTCAGATAAA	-0.409045852825	0.142163993792	10.0294985251	-0.409045852825	-12.316476232	0.142163993792	-2.87728166545	0.102545930345
CCGGAGTTCCACGGCA	0.244006342868	0.0540417300943	1.71627782247	0.244006342868	-12.2220842234	0.0540417300943	4.51514676606	0.0457145901308
CCGGAGTTCCTATTTA	-0.437365792172	0.49221888395	63.1268436578	-0.437365792172	-14.1719497605	0.49221888395	-0.888559554363	0.467989267327
CCGGAGTTCGAGATAT	-0.170579091713	0.326670508156	38.0799141861	-0.170579091713	-13.0242455192	0.326670508156	-0.522174752401	0.653623821047
CCGGAGTTCTCCTCGC	0.410183963346	0.153982064032	11.4239742558	0.410183963346	-12.0559610872	0.153982064032	2.66384248012	0.116753430199
CCGGAGTTGTAAGAAT	-0.0770132288908	0.266763135349	27.0313757039	-0.0770132288908	-12.7307295138	0.266763135349	-0.288695170681	0.799986673904
CCGGAGTTGTACCGGC	-1.09098424444	0.532491213227	67.7125234647	-1.09098424444	-14.1539912762	0.532491213227	-2.04883051088	0.177017630872
CCGGAGTTTAAACAAC	0.303661757246	0.882395292723	91.4990614106	0.303661757246	-15.0637838902	0.882395292723	0.344133473683	0.763560474085
CCGGAGTTTACGGATA	0.272826243283	0.0901078731978	4.69294717082	0.272826243283	-11.4046841747	0.0901078731978	3.02777364065	0.0939605440737
CCGGAGTTTATACTTA	-0.823763690407	0.205898413478	18.2086350228	-0.823763690407	-13.3219993345	0.205898413478	-4.00082582712	0.0571693366681
CCGGAGTTTGATTATA	0.111038014909	0.348900442307	42.1560740145	0.111038014909	-12.1869831568	0.348900442307	0.318251287315	0.780452849679
CCGGAGTTTTGGAAGT	-0.504947387732	0.682901055281	81.9254491821	-0.504947387732	-13.8712532703	0.682901055281	-0.739415152205	0.536663528137
CCGGCAATACCAACTA	-0.29893500498	0.628314212633	77.8761061947	-0.29893500498	-14.0362252044	0.628314212633	-0.475773106782	0.681138423001
CCGGCAATATCGGTCC	0.861630074006	0.684479651755	82.1936175918	0.861630074006	-15.3013424771	0.684479651755	1.25881035586	0.335125396875
CCGGCAATCCACGGCA	0.231935430642	0.275275388953	28.6672030035	0.231935430642	-14.87115174	0.275275388953	0.842557816464	0.488173479778
CCGGCAATCGAGATAT	0.445575557387	0.413436090077	51.9442209708	0.445575557387	-14.8823094797	0.413436090077	1.07773744983	0.393870887039
CCGGCAATGTACCGGC	-0.324868159783	0.287713700819	32.1265754894	-0.324868159783	-14.5028910163	0.287713700819	-1.12913691235	0.376057947723
CCGGCATAACCAACTA	0.565708693694	0.224332683413	20.3271654599	0.565708693694	-15.2775574157	0.224332683413	2.52173996713	0.127794825401
CCGGCATAATCGGTCC	0.373082799677	0.559898160913	71.1718959507	0.373082799677	-15.6041874304	0.559898160913	0.666340462822	0.573769296079
CCGGCATATGATTATA	0.453885121254	0.518314245648	66.237597211	0.453885121254	-14.8860775108	0.518314245648	0.875694860917	0.473545719355
CCGGCATGTACGGATA	-0.210166978218	0.086358431572	4.42477876106	-0.210166978218	-15.3832290908	0.086358431572	-2.43365904629	0.135384079429
CCGGCCAAACCAACTA	-0.461418165114	0.0724401899349	3.00348618933	-0.461418165114	-13.7680901422	0.0724401899349	-6.36964322608	0.0237719752131
CCGGCCAAATCGGTCC	-0.769377594977	0.622954807516	77.3129525342	-0.769377594977	-14.5746999252	0.622954807516	-1.23504560153	0.34221701627
CCGGCCAACAGATAAA	-0.710691163757	0.11659198444	7.58916599625	-0.710691163757	-14.7483550279	0.11659198444	-6.09554050537	0.0258738499464
CCGGCCAACCACGGCA	0.614167130103	0.264971771747	26.8168409761	0.614167130103	-14.8066960405	0.264971771747	2.31785871398	0.146348747718
CCGGCCAACGAGATAT	-0.19361092053	0.425651238453	53.5532314293	-0.19361092053	-13.8178018666	0.425651238453	-0.454858116315	0.693814215177
CCGGCCAAGTACCGGC	-0.678803444652	0.192969890942	16.2778224725	-0.678803444652	-14.2097257413	0.192969890942	-3.51766506858	0.0721748162285
CCGGCCAATACGGATA	0.508781906162	0.235586275986	22.7138643068	0.508781906162	-14.8736254559	0.235586275986	2.15964153273	0.163410331425
CCGGCCAATGATTATA	-0.0595155708952	0.69761438591	82.9981228211	-0.0595155708952	-13.9981382326	0.69761438591	-0.0853129925318	0.939784072452
CCGGCCACACCAACTA	-0.535219539082	0.346161092388	41.4052024671	-0.535219539082	-13.4331872391	0.346161092388	-1.54615741298	0.262109983176
CCGGCCACACGATAGC	0.237493422628	0.56885111474	72.1909359078	0.237493422628	-14.4373068911	0.56885111474	0.417496628686	0.716865431265
CCGGCCACAGCAATCA	0.373082799677	0.559898160913	71.1718959507	0.373082799677	-15.6041874304	0.559898160913	0.666340462822	0.573769296079
CCGGCCACATCGGTCC	1.34087655981	0.320894124281	37.1413247519	1.34087655981	-15.5455449226	0.320894124281	4.17856376401	0.0527792422803
CCGGCCACCAGATAAA	0.090128090845	1.5587569698	99.0077768839	0.090128090845	-14.6719972541	1.5587569698	0.057820489397	0.959148869066
CCGGCCACCCACGGCA	0.139999806399	0.921956060778	92.4108340038	0.139999806399	-13.9783067033	0.921956060778	0.151850844476	0.89323891677
CCGGCCACCGAGATAT	-0.193877237024	0.317998980085	36.8463395012	-0.193877237024	-13.4693189342	0.317998980085	-0.609678801397	0.604113708527
CCGGCCACGTACCGGC	0.310915678841	0.214758323531	19.3349423438	0.310915678841	-14.1497199517	0.214758323531	1.44774681478	0.28465723335
CCGGCCACTACGGATA	-0.617818621374	0.525209157743	67.2030034862	-0.617818621374	-14.059655081	0.525209157743	-1.17632872974	0.360516098682
CCGGCCACTGATTATA	0.348424101611	0.367752257801	44.5695897023	0.348424101611	-13.8615577766	0.367752257801	0.947442454043	0.443416807853
CCGGCCAGACCAACTA	-0.000111016157705	0.0494720032311	1.47492625369	-0.000111016157705	-12.6544699217	0.0494720032311	-0.00224401985879	0.998413240338
CCGGCCAGACGATAGC	-0.0353664209239	0.0525691388885	1.66264414052	-0.0353664209239	-13.7640083761	0.0525691388885	-0.672760134018	0.570417740757
CCGGCCAGAGCAATCA	0.206252648448	0.739238510715	85.5457227139	0.206252648448	-14.6607722346	0.739238510715	0.279006904346	0.806443218425
CCGGCCAGATCGGTCC	0.38322109493	0.648120416577	79.2169482435	0.38322109493	-13.535435953	0.648120416577	0.591280702055	0.614259224844
CCGGCCAGCAGATAAA	0.334245579285	0.652814928595	79.6192008581	0.334245579285	-13.9061640361	0.652814928595	0.512006641767	0.659580195251
CCGGCCAGCCACGGCA	0.104122977737	0.344015514301	40.8688656476	0.104122977737	-12.7914391588	0.344015514301	0.302669424514	0.790719712702
CCGGCCAGCGAGATAT	-0.0329895989902	0.625959683161	77.6347546259	-0.0329895989902	-12.8264669393	0.625959683161	-0.0527024341625	0.962759601682
CCGGCCAGGTAAGAAT	0.196144554614	0.273154846657	28.130866184	0.196144554614	-13.9974918696	0.273154846657	0.71807092942	0.547264739843
CCGGCCAGGTACCGGC	-0.0424249220239	0.249535580357	25.1005631537	-0.0424249220239	-13.1122244155	0.249535580357	-0.170015522289	0.8806403084
CCGGCCAGTAAACAAC	-0.795847317055	0.740063686137	85.5993563958	-0.795847317055	-14.1723153007	0.740063686137	-1.07537679792	0.394711783829
CCGGCCAGTACGGATA	-0.162861452594	0.167799413156	13.1402520783	-0.162861452594	-13.0545066807	0.167799413156	-0.970572241764	0.434144216694
CCGGCCAGTATACTTA	0.383479892519	0.299116866185	34.0842048807	0.383479892519	-15.1782885084	0.299116866185	1.28204035236	0.328362848074
CCGGCCAGTGATTATA	0.204027991463	0.146455945473	10.6462858675	0.204027991463	-12.8696725743	0.146455945473	1.39310146	0.298230781656
CCGGCCATAACAACTA	-0.51864634457	0.27433610236	28.3990345937	-0.51864634457	-14.0266970333	0.27433610236	-1.89055082473	0.199248485825
CCGGCCATAACAATCA	0.383479892519	0.299116866185	34.0842048807	0.383479892519	-15.1782885084	0.299116866185	1.28204035236	0.328362848074
CCGGCCATAACGGATA	-0.483030250075	0.163226771059	12.4698310539	-0.483030250075	-14.0448344536	0.163226771059	-2.95925874745	0.0977371635458
CCGGCCATAAGATAAA	0.0681043466472	0.592164643584	74.3631000268	0.0681043466472	-15.0063457836	0.592164643584	0.115009140422	0.918943849703
CCGGCCATACAAACTA	-0.439396212084	0.692176630768	82.8104049343	-0.439396212084	-13.5230395533	0.692176630768	-0.634803592829	0.590489826479
CCGGCCATACAATAGC	-0.926296610598	0.62719949051	77.7688388308	-0.926296610598	-13.8896660313	0.62719949051	-1.47687717323	0.277736507885
CCGGCCATACACGGCA	-0.124179581597	0.140520815839	9.89541432019	-0.124179581597	-13.7788448617	0.140520815839	-0.88370951204	0.470076078166
CCGGCCATACCAAATA	-0.530194128293	0.499174673899	64.092249933	-0.530194128293	-14.169973314	0.499174673899	-1.06214148276	0.399464112438
CCGGCCATACCAACAA	0.658583313522	0.375253994854	45.5618128184	0.658583313522	-14.6195656272	0.375253994854	1.75503345082	0.221340736036
CCGGCCATACCAACCA	-0.114479137901	0.649313765567	79.3510324484	-0.114479137901	-12.7542128973	0.649313765567	-0.176307886837	0.87628916241
CCGGCCATACCAACTA	-0.201810062692	0.0430793557373	1.15312416197	-0.201810062692	-3.81572171119	0.0430793557373	-4.68461190373	0.0426717860617
CCGGCCATACCAACTC	-0.464827442851	0.0341493604302	0.670421024403	-0.464827442851	-12.3131442274	0.0341493604302	-13.6116002465	0.00535405512102
CCGGCCATACCAACTG	0.00143478044065	0.420586353467	52.829176723	0.00143478044065	-13.2816646879	0.420586353467	0.00341138134611	0.997587796135
CCGGCCATACCAACTT	-0.63577001843	0.327892232358	38.160364709	-0.63577001843	-13.0813214723	0.327892232358	-1.93896029149	0.192069511289
CCGGCCATACCAAGTA	-0.509702511449	0.744237301049	85.8407079646	-0.509702511449	-14.5823969059	0.744237301049	-0.684865580818	0.564145833829
CCGGCCATACCAATTA	0.598358205671	0.441514023699	55.4572271386	0.598358205671	-14.4964731748	0.441514023699	1.35524167649	0.308106963892
CCGGCCATACCACCTA	-0.750624537931	0.988493241472	94.2343791901	-0.750624537931	-14.6410584581	0.988493241472	-0.759362336977	0.526932703555
CCGGCCATACCAGCTA	-0.239935697886	0.0956505482054	5.12201662644	-0.239935697886	-13.2228729891	0.0956505482054	-2.50846129361	0.128900314157
CCGGCCATACCATAGC	-0.669202474394	0.49238852312	63.2072941807	-0.669202474394	-14.2882886293	0.49238852312	-1.35909437969	0.307083727683
CCGGCCATACCATCTA	-0.141370508004	0.515245705932	66.0230624832	-0.141370508004	-13.0932705805	0.515245705932	-0.274374936805	0.809539061859
CCGGCCATACCCACTA	0.285697815249	0.78997225823	88.2005899705	0.285697815249	-14.330788743	0.78997225823	0.361655504066	0.752243946384
CCGGCCATACCGACTA	-0.227389948427	0.0287484431569	0.402252614642	-0.227389948427	-12.8806223369	0.0287484431569	-7.90964391311	0.0156107226648
CCGGCCATACCGGTCC	0.382694947085	0.220248514548	19.7640117994	0.382694947085	-13.6515375581	0.220248514548	1.73755971917	0.224420681625
CCGGCCATACCTACTA	0.435573697431	0.337408056323	39.9302762135	0.435573697431	-13.9594264996	0.337408056323	1.29094041849	0.325815528727
CCGGCCATACGAAAGC	0.383734646255	0.949884205906	93.1348887101	0.383734646255	-14.8408778619	0.949884205906	0.403980447163	0.725329518905
CCGGCCATACGAACTA	0.315807683905	0.384931162083	47.4121748458	0.315807683905	-14.3619732746	0.384931162083	0.820426390516	0.498198375975
CCGGCCATACGACAGC	-0.635908420283	0.773988795622	87.1010994905	-0.635908420283	-13.9739650963	0.773988795622	-0.821598999727	0.497662053331
CCGGCCATACGAGATA	-0.627880609689	0.336423819909	39.7157414857	-0.627880609689	-14.9642005579	0.336423819909	-1.86633815007	0.202973844378
CCGGCCATACGATACC	0.601743614868	0.446168027634	56.6371681416	0.601743614868	-14.4173498147	0.446168027634	1.34869281884	0.309855883734
CCGGCCATACGATAGA	-0.508703310907	0.396598206505	49.6111558058	-0.508703310907	-14.7148203545	0.396598206505	-1.28266669532	0.328182796184
CCGGCCATACGATAGC	-0.0187155442987	0.0877706845562	4.53204612497	-0.0187155442987	-5.13776784139	0.0877706845562	-0.213232292688	0.850907213879
CCGGCCATACGATAGG	0.00711359606166	1.16988492612	96.7551622419	0.00711359606166	-14.9790558504	1.16988492612	0.00608059468312	0.995700410009
CCGGCCATACGATAGT	-0.118530766283	0.243745609888	24.5910431751	-0.118530766283	-14.4136039385	0.243745609888	-0.48628882521	0.674828788614
CCGGCCATACGATCGC	0.290617705366	0.351498812807	42.4778761062	0.290617705366	-14.8236470463	0.351498812807	0.826795695397	0.495292180172
CCGGCCATACGATGGC	0.512775648312	1.19519379747	96.9696969697	0.512775648312	-14.7931564917	1.19519379747	0.429031383362	0.709694013967
CCGGCCATACGCTAGC	-0.452434197468	0.261769495475	26.4950388844	-0.452434197468	-14.9270370231	0.261769495475	-1.72836868042	0.226063271718
CCGGCCATACGGTAGC	0.0443301775272	0.454550733833	57.6562080987	0.0443301775272	-14.2230411964	0.454550733833	0.0975252578592	0.931202620799
CCGGCCATACGTTAGC	-0.0203965970861	0.858913540367	90.5068382944	-0.0203965970861	-14.5370884036	0.858913540367	-0.0237469735049	0.983210720783
CCGGCCATACTAACTA	0.144970759453	0.456082584215	57.9243765084	0.144970759453	-13.5662852835	0.456082584215	0.317860765726	0.780709290091
CCGGCCATACTATAGC	-0.531165093147	0.560457366986	71.3327969965	-0.531165093147	-14.7787775568	0.560457366986	-0.947735054325	0.44329818342
CCGGCCATAGAGATAT	-0.587249058078	0.062115853952	2.11853043711	-0.587249058078	-13.8219960952	0.062115853952	-9.45409296847	0.011003871334
CCGGCCATAGATTATA	0.15170969381	0.137914968306	9.49316170555	0.15170969381	-13.4736862594	0.137914968306	1.1000234106	0.386031729556
CCGGCCATAGCAACCA	0.136505758973	0.392642152034	48.8602842585	0.136505758973	-15.0562624942	0.392642152034	0.347659461078	0.761275317203
CCGGCCATAGCAACTA	-0.664979549329	0.210498467038	18.9058728882	-0.664979549329	-13.7905000417	0.210498467038	-3.15907074614	0.0872835593454
CCGGCCATAGCAATAA	0.106998493537	0.790972749855	88.5223920622	0.106998493537	-15.3140955054	0.790972749855	0.135274563576	0.904781054707
CCGGCCATAGCAATCA	-0.182865737484	0.267932311269	27.2190935908	-0.182865737484	-6.35811540193	0.267932311269	-0.682507222136	0.565362785559
CCGGCCATAGCAATCC	-0.0930874111727	1.15365279607	96.5138106731	-0.0930874111727	-14.5112027336	1.15365279607	-0.0806892779958	0.9430367076
CCGGCCATAGCAATCG	-0.471265084708	0.558717633084	70.7160096541	-0.471265084708	-14.7931002718	0.558717633084	-0.843476305028	0.487761868833
CCGGCCATAGCAATCT	-0.168005090158	0.47367576455	60.0429069456	-0.168005090158	-15.1238269147	0.47367576455	-0.354683736707	0.75673478237
CCGGCCATAGCAGTCA	0.231935419136	0.275275392202	29.8739608474	0.231935419136	-15.7184495905	0.275275392202	0.84255776472	0.488173502976
CCGGCCATAGCGATCA	0.0545256745729	0.242850258889	24.4837758112	0.0545256745729	-14.9480487794	0.242850258889	0.224523847832	0.843201458265
CCGGCCATAGTACCGG	-0.413339355661	0.576815059857	72.995441137	-0.413339355661	-14.096695506	0.576815059857	-0.716589049814	0.548008014481
CCGGCCATATAAGAAT	-0.640261546837	0.770393931055	87.0206489676	-0.640261546837	-14.2822807321	0.770393931055	-0.831083321178	0.493345424897
CCGGCCATATACCGGC	0.714302145217	0.500215040194	64.1727004559	0.714302145217	-14.6125344233	0.500215040194	1.42799013988	0.289474115502
CCGGCCATATCAACTA	1.86061769753	0.734678855728	85.411638509	1.86061769753	-14.1189358394	0.734678855728	2.53255920328	0.126903864267
CCGGCCATATCAGTCC	0.0935455461705	0.279510966927	30.7857334406	0.0935455461705	-14.2662790467	0.279510966927	0.334675763169	0.769709248678
CCGGCCATATCCGTCC	0.45525987147	0.438310900122	55.108608206	0.45525987147	-15.2997827181	0.438310900122	1.03866883379	0.408051345445
CCGGCCATATCGATCC	0.0769534574524	0.393996353141	48.9675516224	0.0769534574524	-14.0930410926	0.393996353141	0.195315151622	0.863189926677
CCGGCCATATCGCTCC	0.120578705357	0.548365486311	69.3215339233	0.120578705357	-14.3058450988	0.548365486311	0.219887480826	0.846362098299
CCGGCCATATCGGACC	1.19220767464	0.570754324298	72.4322874765	1.19220767464	-14.8985823416	0.570754324298	2.08882810674	0.171934257163
CCGGCCATATCGGCCC	0.436904202493	0.204825335398	18.0477339769	0.436904202493	-13.9475193256	0.204825335398	2.13305742498	0.166541296307
CCGGCCATATCGGTAC	0.896425759218	0.47190582013	59.6942880129	0.896425759218	-15.1873235617	0.47190582013	1.89958614829	0.197881676088
CCGGCCATATCGGTCA	0.572586723253	0.63777146509	78.3319924913	0.572586723253	-14.7562343394	0.63777146509	0.897792947154	0.464043100536
CCGGCCATATCGGTCC	0.570706787282	0.192325387122	16.1973719496	0.570706787282	-5.1995641277	0.192325387122	2.96740225417	0.0972770827418
CCGGCCATATCGGTCG	0.894816228136	0.320553438706	37.114507911	0.894816228136	-15.2015522253	0.320553438706	2.79147287188	0.107947128741
CCGGCCATATCGGTCT	0.960888303426	1.22899234671	97.2110485385	0.960888303426	-14.1545717527	1.22899234671	0.781850518436	0.51616625353
CCGGCCATATCGGTGC	0.885946530326	1.7891194662	99.3832126575	0.885946530326	-15.189012048	1.7891194662	0.495185786675	0.669524105352
CCGGCCATATCGGTTC	0.350508408139	0.481159258725	61.3301153124	0.350508408139	-15.227202231	0.481159258725	0.728466514534	0.542077064746
CCGGCCATATGATAGC	-0.0712212546448	0.241648184275	24.0815231966	-0.0712212546448	-14.2883666156	0.241648184275	-0.294731180615	0.79597717662
CCGGCCATATTGGTCC	0.706619679398	0.52952369336	67.444355055	0.706619679398	-14.3072257041	0.52952369336	1.33444393189	0.313703332272
CCGGCCATCAAACAAC	0.191270909637	0.335435603208	38.9648699383	0.191270909637	-14.6527562148	0.335435603208	0.570216482114	0.626049107376
CCGGCCATCAAATAAA	0.516304096045	0.932760697954	92.8935371413	0.516304096045	-15.4882463861	0.932760697954	0.553522567125	0.635523762523
CCGGCCATCAACGGCA	0.375442592367	0.990611265297	94.2880128721	0.375442592367	-14.3064654047	0.990611265297	0.379000931565	0.74114045799
CCGGCCATCAAGATAT	0.490609610756	0.368092699975	44.6500402253	0.490609610756	-13.4998769765	0.368092699975	1.33284254425	0.314139375352
CCGGCCATCACATAAA	0.652953949273	0.47899314309	60.9010458568	0.652953949273	-14.7339977739	0.47899314309	1.36318015966	0.306003143979
CCGGCCATCACGGATA	0.018202796493	0.219339092875	19.7371949584	0.018202796493	-13.0118040899	0.219339092875	0.0829892941309	0.941418486653
CCGGCCATCAGACAAA	1.30137922058	0.429048476359	53.928667203	1.30137922058	-15.437311865	0.429048476359	3.03317525242	0.0936716948869
CCGGCCATCAGATAAA	0.187819820113	0.155254210162	11.5848753017	0.187819820113	-5.26198235356	0.155254210162	1.20975669463	0.349960523085
CCGGCCATCAGATAAC	0.0356529975168	0.615732554803	76.5084473049	0.0356529975168	-13.8343477238	0.615732554803	0.0579033823024	0.959090401804
CCGGCCATCAGATAAG	1.07882695285	0.51534620327	66.0766961652	1.07882695285	-15.4247520382	0.51534620327	2.09340234972	0.171365590174
CCGGCCATCAGATAAT	0.491425043179	0.201578541579	17.7259318852	0.491425043179	-14.8051453769	0.201578541579	2.43788371187	0.135005926084
CCGGCCATCAGATACA	0.838573269482	0.599353147477	75.1139715741	0.838573269482	-14.9011317523	0.599353147477	1.39913050096	0.296694307723
CCGGCCATCAGATAGA	0.0451879269818	0.333750835458	38.8576025744	0.0451879269818	-14.2441910178	0.333750835458	0.135394198848	0.904697608675
CCGGCCATCAGATATA	0.7006040952	0.417692520962	52.6146419952	0.7006040952	-15.0222815887	0.417692520962	1.67732018181	0.235478222762
CCGGCCATCAGATCAA	0.383734646255	0.949884205906	93.1348887101	0.383734646255	-14.8408778619	0.949884205906	0.403980447163	0.725329518905
CCGGCCATCAGATGAA	0.233101677725	0.463480795423	58.9165996246	0.233101677725	-14.4038867531	0.463480795423	0.502937079653	0.664927880485
CCGGCCATCAGCTAAA	0.661176785601	0.362437056992	43.9259855189	0.661176785601	-15.223483302	0.362437056992	1.82425271601	0.209672576544
CCGGCCATCAGGTAAA	0.0288526509653	0.967121174134	93.3494234379	0.0288526509653	-14.6939263446	0.967121174134	0.0298335428249	0.978909191957
CCGGCCATCCAACTAG	-0.965083966508	0.229608180521	21.4802896219	-0.965083966508	-7.69552762659	0.229608180521	-4.20317762337	0.0522103249442
CCGGCCATCCAAGGCA	-1.11313360555	0.454760480009	57.8171091445	-1.11313360555	-14.5153887445	0.454760480009	-2.44773601596	0.134129730166
CCGGCCATCCACAGCA	0.116212561334	0.200881739871	17.4845803164	0.116212561334	-13.1442051109	0.200881739871	0.578512319782	0.621383744834
CCGGCCATCCACCGCA	0.511786072614	0.149658376587	10.9680879592	0.511786072614	-14.6559480056	0.149658376587	3.41969547102	0.0759036752975
CCGGCCATCCACGACA	-0.797231526242	0.433108683673	54.4918208635	-0.797231526242	-11.6606524163	0.433108683673	-1.84071933049	0.207017142615
CCGGCCATCCACGCCA	-0.045743203069	0.0779470487754	3.27165459909	-0.045743203069	-13.1340868056	0.0779470487754	-0.586849711281	0.61672391139
CCGGCCATCCACGGAA	0.0666137932258	0.344671383182	40.9493161706	0.0666137932258	-14.4819119997	0.344671383182	0.193267548384	0.864597754772
CCGGCCATCCACGGCA	0.0858693128575	0.0696697452368	2.76213462054	0.0858693128575	-4.2751965133	0.0696697452368	1.23251940373	0.342981332146
CCGGCCATCCACGGCC	0.446538836245	0.360429635722	43.3628318584	0.446538836245	-13.1144041427	0.360429635722	1.23890710416	0.341052611038
CCGGCCATCCACGGCG	0.745107542332	0.220639922374	19.8176454814	0.745107542332	-13.8768079972	0.220639922374	3.37702957069	0.0776147942164
CCGGCCATCCACGGCT	-0.0885988014893	0.152178788298	11.236256369	-0.0885988014893	-13.265634443	0.152178788298	-0.58220204327	0.619317949074
CCGGCCATCCACGGGA	-0.264990647876	1.00098459918	94.6098149638	-0.264990647876	-13.9544363349	1.00098459918	-0.264729994941	0.816003577086
CCGGCCATCCACGGTA	0.417826270754	0.729634623415	85.0630195763	0.417826270754	-14.114638766	0.729634623415	0.572651375559	0.624676820078
CCGGCCATCCACGTCA	-0.269221415037	0.624908054651	77.554304103	-0.269221415037	-14.160976319	0.624908054651	-0.430817642745	0.708587781296
CCGGCCATCCACTGCA	0.542116675487	0.296172729861	33.5210512202	0.542116675487	-14.2536033389	0.296172729861	1.83040712675	0.20867485125
CCGGCCATCCAGATAT	0.048126643079	0.415896432804	52.3464735854	0.048126643079	-13.3864217972	0.415896432804	0.115717854934	0.918447673717
CCGGCCATCCATGGCA	0.708172690475	0.443388671455	55.9399302762	0.708172690475	-13.7679813905	0.443388671455	1.59718264373	0.251310871079
CCGGCCATCCCAACTA	-0.240340381538	0.198539550547	17.1359613837	-0.240340381538	-12.7273144821	0.198539550547	-1.21054158165	0.349717087731
CCGGCCATCCCCCCCC	-0.0930656082094	0.164697377963	12.7648163046	-0.0930656082094	-12.111468163	0.164697377963	-0.565070369426	0.628957508612
CCGGCCATCCCCGGCA	0.319729332238	0.281191681248	30.9466344865	0.319729332238	-14.0240163339	0.281191681248	1.1370511774	0.373398103084
CCGGCCATCCGATAAA	-0.290631888252	0.138917900352	9.60042906946	-0.290631888252	-14.3517048978	0.138917900352	-2.09211258963	0.171525673219
CCGGCCATCCGATAGC	0.496650632088	0.720902373338	84.5534995977	0.496650632088	-14.2971595541	0.720902373338	0.688929112257	0.562054582445
CCGGCCATCCGCGGCA	0.028895253509	0.267108080423	27.0581925449	0.028895253509	-13.6826839367	0.267108080423	0.108178133223	0.923729322525
CCGGCCATCCTATTTA	-1.53264151114	0.675050784295	81.0404934299	-1.53264151114	-8.48708578846	0.675050784295	-2.27040920001	0.151197469899
CCGGCCATCCTCGGCA	0.361594347885	0.136266895258	9.35907750067	0.361594347885	-13.914832274	0.136266895258	2.65357442246	0.117505399948
CCGGCCATCGAAATAT	0.382205340961	0.490729282417	62.965942612	0.382205340961	-14.3013992443	0.490729282417	0.778851710415	0.517589501558
CCGGCCATCGACATAT	0.354258332193	0.641477369238	78.8683293108	0.354258332193	-14.3365050758	0.641477369238	0.552253827152	0.63624853642
CCGGCCATCGACGGCA	0.111669437749	0.253812310554	25.5564494503	0.111669437749	-14.2383293871	0.253812310554	0.439968563798	0.702938980984
CCGGCCATCGAGAAAT	-0.392817478797	0.779037733674	87.8251541968	-0.392817478797	-14.3448616927	0.779037733674	-0.504234213335	0.66416104907
CCGGCCATCGAGACAT	0.0117469569952	1.07549389405	95.467953875	0.0117469569952	-13.2468924136	1.07549389405	0.0109223837161	0.992276938742
CCGGCCATCGAGATAA	0.406785501795	0.648766154676	79.2973987664	0.406785501795	-14.2563849491	0.648766154676	0.627014061789	0.594685047285
CCGGCCATCGAGATAC	0.305692542149	0.467496124329	59.3188522392	0.305692542149	-12.5714116201	0.467496124329	0.653893211603	0.580317962757
CCGGCCATCGAGATAT	0.0995442832157	0.155365895252	11.6385089836	0.0995442832157	-4.13817772383	0.155365895252	0.640708715734	0.587326697002
CCGGCCATCGAGATCT	0.255815101165	0.155106036483	11.5580584607	0.255815101165	-13.5023792586	0.155106036483	1.6492917166	0.24086507531
CCGGCCATCGAGATGT	0.137772081867	0.207535683621	18.5304371145	0.137772081867	-14.0376131064	0.207535683621	0.663847678933	0.575075475173
CCGGCCATCGAGATTT	0.46781222968	0.392021332263	48.7262000536	0.46781222968	-14.349969692	0.392021332263	1.19333360504	0.355100362131
CCGGCCATCGAGGTAT	0.188826400082	0.532263757302	67.6588897828	0.188826400082	-13.6527035519	0.532263757302	0.354760957311	0.756684954649
CCGGCCATCGAGTTAT	-0.17647147526	0.646726803826	79.1633145615	-0.17647147526	-13.5367646081	0.646726803826	-0.272868658321	0.810547035631
CCGGCCATCGATATAT	0.484935265015	0.569850299082	72.2982032717	0.484935265015	-14.4761699037	0.569850299082	0.850987120294	0.484409198756
CCGGCCATCGATTATA	-0.344876900402	0.110813999328	7.02601233575	-0.344876900402	-12.4399528214	0.110813999328	-3.11221418317	0.0895862256019
CCGGCCATCGCGATAT	-0.444036469968	0.135034931116	9.27862697774	-0.444036469968	-13.8045377968	0.135034931116	-3.28830819031	0.0813552514051
CCGGCCATCGGATAAA	0.0950489099042	0.572080499658	72.7272727273	0.0950489099042	-14.2420189333	0.572080499658	0.166146040568	0.883319475653
CCGGCCATCGGGATAT	-0.331678252017	0.333763877173	38.8844194154	-0.331678252017	-13.4361068361	0.333763877173	-0.993751195683	0.425062421827
CCGGCCATCGTGATAT	0.869927788379	0.395962536713	49.2625368732	0.869927788379	-13.8255334404	0.395962536713	2.1969951895	0.15914540432
CCGGCCATCTAAGAAT	-0.126959644778	0.388145877355	48.1094127112	-0.126959644778	-14.2100998156	0.388145877355	-0.32709260148	0.774659357618
CCGGCCATCTACCGGC	0.0858622721677	0.218503531396	19.6835612765	0.0858622721677	-13.4034732111	0.218503531396	0.392955993064	0.732280938547
CCGGCCATCTACGGAT	-0.93053874077	0.394240966125	49.0748189863	-0.93053874077	-14.6571796743	0.394240966125	-2.36032990158	0.142189070808
CCGGCCATCTACGGCA	0.0227150374011	0.174655671566	14.1592920354	0.0227150374011	-13.811007196	0.174655671566	0.130056110961	0.908422874112
CCGGCCATCTAGATAT	0.889133822256	0.356932973446	43.0410297667	0.889133822256	-14.1013839907	0.356932973446	2.49103862182	0.13037116326
CCGGCCATCTCCTAGC	0.231935419136	0.275275392202	29.8739608474	0.231935419136	-15.7184495905	0.275275392202	0.84255776472	0.488173502976
CCGGCCATCTCCTCGC	-0.294740842764	0.321706475175	37.3826763207	-0.294740842764	-7.04959588896	0.321706475175	-0.916179391799	0.456288646926
CCGGCCATCTCGGTCC	0.193240195648	0.329761913661	38.4285331188	0.193240195648	-13.9039476725	0.329761913661	0.585999133444	0.617197975648
CCGGCCATCTGATAAA	-0.105279811989	1.0120064264	94.6634486457	-0.105279811989	-14.2674664161	1.0120064264	-0.104030774156	0.926637356354
CCGGCCATCTGATATA	0.756273917294	0.494767196089	63.8508983642	0.756273917294	-14.3968192604	0.494767196089	1.52854498696	0.26597464019
CCGGCCATCTGATTAT	0.789740237757	0.178420518211	14.615178332	0.789740237757	-13.6535276408	0.178420518211	4.42628597696	0.047438645789
CCGGCCATGAACCGGC	-1.1814848806	0.12553386312	8.28640386163	-1.1814848806	-13.9587417899	0.12553386312	-9.41168264275	0.011101615619
CCGGCCATGACAACTA	0.846169862096	0.598266743588	74.9530705283	0.846169862096	-15.581833712	0.598266743588	1.4143688767	0.292854393429
CCGGCCATGACCAACT	-0.615177632834	0.0231086532629	0.321802091714	-0.615177632834	-14.4074700229	0.0231086532629	-26.6210940913	0.00140808916573
CCGGCCATGAGATAAA	-1.32181270703	0.335605719489	39.0989541432	-1.32181270703	-14.4685347633	0.335605719489	-3.9385881416	0.0588327953174
CCGGCCATGCAAGAAT	-0.0154097973741	0.199345515637	17.2432287477	-0.0154097973741	-13.7416600577	0.199345515637	-0.077301951463	0.945420740951
CCGGCCATGCACCGGC	0.200004984957	0.423314936182	53.2314293376	0.200004984957	-13.3266175555	0.423314936182	0.472473253037	0.683127218843
CCGGCCATGCACGGCA	-0.287533507583	0.273158205177	28.2381335479	-0.287533507583	-14.5151846351	0.273158205177	-1.05262628811	0.402920497173
CCGGCCATGCAGATAA	-0.079469946373	0.41478019283	52.1319388576	-0.079469946373	-13.8073761011	0.41478019283	-0.191595326264	0.865748098952
CCGGCCATGCCAACTA	-0.216301842538	0.144345596173	10.1903995709	-0.216301842538	-13.0623806732	0.144345596173	-1.49849976911	0.272735852973
CCGGCCATGCGAGATA	0.20316110909	0.465729201435	59.1579511933	0.20316110909	-14.2484636493	0.465729201435	0.436221539177	0.705248263865
CCGGCCATGCGATAGC	-0.385467380025	0.301957220139	34.4328238134	-0.385467380025	-13.9545310999	0.301957220139	-1.27656288479	0.329942512382
CCGGCCATGCTCTCGC	-0.484540565666	0.16029240802	11.9871279163	-0.484540565666	-8.63120947105	0.16029240802	-3.022854118	0.0942247202025
CCGGCCATGGACCGGC	0.782497790675	0.278859683504	30.6248323947	0.782497790675	-15.7074012874	0.278859683504	2.80606282286	0.107000779249
CCGGCCATGGAGATAT	-0.426057443704	0.617566289813	76.6425315098	-0.426057443704	-14.0259376825	0.617566289813	-0.689897506926	0.561557254267
CCGGCCATGTAAAAAT	0.484946821873	1.24936573892	97.5060337892	0.484946821873	-15.0853231601	1.24936573892	0.388154410487	0.735321747844
CCGGCCATGTAACGGC	-0.385467366555	0.301957220311	34.6741753821	-0.385467366555	-15.0531433823	0.301957220311	-1.27656283946	0.329942525495
CCGGCCATGTAAGAAA	0.326285239941	0.999961338419	94.5561812818	0.326285239941	-14.4172346778	0.999961338419	0.326297855132	0.775179168391
CCGGCCATGTAAGAAC	-0.625936910648	0.477083597628	60.5524269241	-0.625936910648	-13.5095080485	0.477083597628	-1.31200677148	0.319880650568
CCGGCCATGTAAGAAT	-0.112430479896	0.122936351745	8.09868597479	-0.112430479896	-5.32501361429	0.122936351745	-0.914542186265	0.456973568663
CCGGCCATGTAAGAGT	-0.656397484685	0.206444586156	18.3427192277	-0.656397484685	-14.270541885	0.206444586156	-3.17953353443	0.0863044776758
CCGGCCATGTAAGATT	0.148055308167	0.571021683354	72.6200053634	0.148055308167	-14.9390546892	0.571021683354	0.259281411692	0.81966612537
CCGGCCATGTAAGCAT	-0.0427037456282	0.107542538891	6.65057656208	-0.0427037456282	-14.9993810835	0.107542538891	-0.397087013832	0.729671174293
CCGGCCATGTAAGGAT	1.83422551226	0.618026740245	76.6693483508	1.83422551226	-14.3216067975	0.618026740245	2.96787403006	0.0972505235119
CCGGCCATGTAAGTAT	0.650545928086	1.25928853982	97.6937516761	0.650545928086	-15.3795744317	1.25928853982	0.516597989669	0.656885500832
CCGGCCATGTACAGGC	-1.08978370675	0.685122780346	82.3008849558	-1.08978370675	-13.8920899955	0.685122780346	-1.59064001083	0.252663318217
CCGGCCATGTACCAGC	-0.50020172117	0.232114091228	21.7484580316	-0.50020172117	-13.4074014083	0.232114091228	-2.15498214057	0.163953251701
CCGGCCATGTACCCGC	0.478163461656	0.762886077476	86.7792973988	0.478163461656	-14.0806395113	0.762886077476	0.626782262481	0.594810282864
CCGGCCATGTACCGAC	-0.55347415978	0.379177283208	46.5540359346	-0.55347415978	-13.6828031199	0.379177283208	-1.45967119944	0.281798404809
CCGGCCATGTACCGCC	1.03315974822	0.0389880933404	0.911772593189	1.03315974822	-14.0060847255	0.0389880933404	26.4993658243	0.00142102773318
CCGGCCATGTACCGGA	0.479673931325	0.83929304952	89.83641727	0.479673931325	-14.9605114302	0.83929304952	0.571521391246	0.625313364406
CCGGCCATGTACCGGC	0.00196090574241	0.144278036859	10.16358273	0.00196090574241	-4.56887468649	0.144278036859	0.0135911590225	0.990390043068
CCGGCCATGTACCGGG	0.140173240924	0.0288302481068	0.48270313757	0.140173240924	-14.5879653923	0.0288302481068	4.86201993144	0.0397945214434
CCGGCCATGTACCGGT	-1.2964571572	0.338242676964	40.1716277822	-1.2964571572	-14.1907231278	0.338242676964	-3.83292010587	0.0618225488638
CCGGCCATGTACCGTC	-0.455481609505	0.536755980307	68.2756771252	-0.455481609505	-14.0028483016	0.536755980307	-0.848582272421	0.485480109769
CCGGCCATGTACCTGC	-0.287533507583	0.273158205177	28.2381335479	-0.287533507583	-14.5151846351	0.273158205177	-1.05262628811	0.402920497173
CCGGCCATGTACGGAT	-0.718014823462	0.552520878421	69.7774202199	-0.718014823462	-14.6194140881	0.552520878421	-1.29952523335	0.323381024046
CCGGCCATGTACTGGC	0.493416030137	0.416534844989	52.5073746313	0.493416030137	-13.886939859	0.416534844989	1.18457323817	0.35787836505
CCGGCCATGTAGCGGC	0.870237096338	0.507372122809	65.0040225261	0.870237096338	-15.1069523457	0.507372122809	1.71518508254	0.228446976097
CCGGCCATGTAGGAAT	1.12683098177	0.113234494471	7.26736390453	1.12683098177	-15.7942079689	0.113234494471	9.95130491846	0.0099476781743
CCGGCCATGTATCGGC	0.705600291674	0.346112515041	41.3783856262	0.705600291674	-14.5552431169	0.346112515041	2.03864425876	0.178344703489
CCGGCCATGTATGAAT	0.508899534331	0.555110462245	70.3405738804	0.508899534331	-15.4176297256	0.555110462245	0.916753635434	0.4560486702
CCGGCCATGTCAGAAT	-0.210936982847	0.81837761214	89.2732636095	-0.210936982847	-14.5195479409	0.81837761214	-0.257750187344	0.820696776072
CCGGCCATGTCCCGGC	0.530072722187	0.757924730504	86.53794583	0.530072722187	-14.1990998165	0.757924730504	0.699373830742	0.556711838627
CCGGCCATGTCGGTCC	0.553479532502	0.363287053927	44.0332528828	0.553479532502	-14.7621462979	0.363287053927	1.52353222202	0.267087799995
CCGGCCATGTGCCGGC	0.146883761249	0.146265315928	10.6194690265	0.146883761249	-14.0444017639	0.146265315928	1.00422824315	0.421025716654
CCGGCCATGTTCCGGC	0.272417827254	0.591665310511	74.121748458	0.272417827254	-14.2311617562	0.591665310511	0.460425552106	0.690423723686
CCGGCCATTAAACAAC	0.516675725451	0.194116465133	16.4119066774	0.516675725451	-6.40519022401	0.194116465133	2.66167903427	0.116911303667
CCGGCCATTAAACGAC	0.0881640210774	0.904275973267	92.089031912	0.0881640210774	-14.5147044133	0.904275973267	0.0974968081468	0.931222595171
CCGGCCATTAAGCAAC	0.755244290181	0.233710233496	22.418879056	0.755244290181	-15.8280952561	0.233710233496	3.23154137875	0.0838857903038
CCGGCCATTAAGGATA	0.175162114318	0.512829755284	65.6476267096	0.175162114318	-14.6895832195	0.512829755284	0.341559967052	0.765230820459
CCGGCCATTAATTATA	0.325688223743	0.279036941995	30.7052829177	0.325688223743	-13.9985914321	0.279036941995	1.16718675819	0.363467604278
CCGGCCATTACAACTA	0.26215821864	1.03729661337	94.9852507375	0.26215821864	-14.5355531641	1.03729661337	0.252732164803	0.824078477462
CCGGCCATTACAGATA	0.512264265803	0.662545482336	80.2359882006	0.512264265803	-13.5265505142	0.662545482336	0.773175999928	0.520293708677
CCGGCCATTACCAACT	0.18375476617	0.38426816435	47.2780906409	0.18375476617	-14.5810372273	0.38426816435	0.478194092609	0.679681986018
CCGGCCATTACCGATA	0.50500758266	0.388151192333	48.1362295522	0.50500758266	-14.1356693662	0.388151192333	1.3010589498	0.322948409128
CCGGCCATTACGAATA	-0.117666971526	0.207041738402	18.4768034326	-0.117666971526	-13.9607400583	0.207041738402	-0.568324881902	0.627116897174
CCGGCCATTACGCATA	0.78735874778	0.459640161787	58.1657280772	0.78735874778	-14.5815478393	0.459640161787	1.71298944966	0.228847151733
CCGGCCATTACGGAAA	-0.0360726417398	0.971980328001	93.7248592116	-0.0360726417398	-14.1125803992	0.971980328001	-0.0371125224458	0.973766515259
CCGGCCATTACGGACA	0.572366347441	0.146467758206	10.6731027085	0.572366347441	-13.508246384	0.146467758206	3.90779755526	0.0596818872153
CCGGCCATTACGGATA	0.0153174691127	0.0632720238428	2.14534727809	0.0153174691127	-4.28447203021	0.0632720238428	0.242089128535	0.831271459823
CCGGCCATTACGGATC	-0.0114192527322	0.253236541803	25.4759989273	-0.0114192527322	-13.0728490384	0.253236541803	-0.0450932264785	0.968130470524
CCGGCCATTACGGATG	-0.708139008821	0.399446842199	49.9597747385	-0.708139008821	-13.6977625685	0.399446842199	-1.7727991162	0.218265995755
CCGGCCATTACGGATT	0.37102230955	1.14106496346	96.2992759453	0.37102230955	-14.0907247965	1.14106496346	0.325154414017	0.775927382789
CCGGCCATTACGGCTA	-0.452260622648	0.413350755951	51.8369536069	-0.452260622648	-13.6261465852	0.413350755951	-1.09413280643	0.388086375126
CCGGCCATTACGGGTA	-0.11032335881	0.606688400466	75.6771252346	-0.11032335881	-13.5373583941	0.606688400466	-0.181845175753	0.872466033514
CCGGCCATTACGGTTA	-0.382409494248	0.25484457737	25.7441673371	-0.382409494248	-13.4033154539	0.25484457737	-1.50055966737	0.272265408125
CCGGCCATTACGTATA	0.380156205319	0.172126250617	13.6765888978	0.380156205319	-14.0303018246	0.172126250617	2.20858935785	0.157852643027
CCGGCCATTACTGATA	0.0406699393714	0.278102249196	30.2493966211	0.0406699393714	-13.4709841643	0.278102249196	0.146240958097	0.89714051346
CCGGCCATTAGATAAA	-1.04351797687	0.413055143036	51.729686243	-1.04351797687	-13.6527352728	0.413055143036	-2.52634059753	0.127414899515
CCGGCCATTATACAAC	0.316486825615	0.272224315731	27.9699651381	0.316486825615	-15.4673916857	0.272224315731	1.16259572465	0.364960465054
CCGGCCATTATACTTA	-0.227444903511	0.141563656187	9.97586484312	-0.227444903511	-6.65461380287	0.141563656187	-1.60666169296	0.249367880093
CCGGCCATTATACTTG	-0.0404709635536	0.778932924726	87.7178868329	-0.0404709635536	-15.3837788856	0.778932924726	-0.0519569301398	0.963285671803
CCGGCCATTATGGATA	0.0133178273475	0.556202682341	70.4746580853	0.0133178273475	-13.4338800569	0.556202682341	0.0239441983478	0.983071321211
CCGGCCATTCACGGCA	-0.0258367809814	0.0921898581382	4.85384821668	-0.0258367809814	-13.533650526	0.0921898581382	-0.280256218017	0.805609206261
CCGGCCATTCATTATA	0.379489223766	0.318996025838	36.9536068651	0.379489223766	-13.4150588602	0.318996025838	1.18963621183	0.356269743023
CCGGCCATTCCAACTA	-0.0954338964329	0.236984111207	23.1161169214	-0.0954338964329	-13.1483379364	0.236984111207	-0.402701666145	0.726133667945
CCGGCCATTCCGGATA	-0.468486448138	0.389239202165	48.4043979619	-0.468486448138	-13.3859648141	0.389239202165	-1.20359523278	0.351878490442
CCGGCCATTCGAGATA	-0.154006812079	0.416002595506	52.4001072674	-0.154006812079	-14.4316366142	0.416002595506	-0.370206373092	0.746757688549
CCGGCCATTCGATAGC	0.112850351903	0.589711219738	73.9608474122	0.112850351903	-14.5471306161	0.589711219738	0.19136544825	0.865906277693
CCGGCCATTCTACTTA	0.755244290181	0.233710233496	22.418879056	0.755244290181	-15.8280952561	0.233710233496	3.23154137875	0.0838857903038
CCGGCCATTCTGATTA	0.231935419136	0.275275392202	29.8739608474	0.231935419136	-15.7184495905	0.275275392202	0.84255776472	0.488173502976
CCGGCCATTGAACAAC	0.380471646059	0.14459861974	10.4317511397	0.380471646059	-15.3901113347	0.14459861974	2.6312259878	0.119165774311
CCGGCCATTGAATATA	-0.0915838254682	0.0674236179259	2.49396621078	-0.0915838254682	-14.1197131531	0.0674236179259	-1.35833448702	0.307285216326
CCGGCCATTGACTATA	0.452213974743	0.264447755745	26.7095736122	0.452213974743	-13.608913934	0.264447755745	1.71003143312	0.229387728203
CCGGCCATTGAGATAT	-0.779446689281	0.66651531599	80.4237060874	-0.779446689281	-12.9094576327	0.66651531599	-1.16943552621	0.362738974974
CCGGCCATTGATCATA	0.182286775567	0.206288972089	18.2890855457	0.182286775567	-13.7531186481	0.206288972089	0.883647699248	0.470102736508
CCGGCCATTGATTAAA	0.554378391835	0.259938369081	26.3341378386	0.554378391835	-13.861046915	0.259938369081	2.13273013059	0.166580351844
CCGGCCATTGATTACA	0.59938333903	0.214008872848	19.2544918209	0.59938333903	-13.4581905887	0.214008872848	2.80074060039	0.107344630132
CCGGCCATTGATTATA	0.271752596313	0.0973567807956	5.3901850362	0.271752596313	-4.28523175365	0.0973567807956	2.7913063075	0.10795800087
CCGGCCATTGATTATC	0.733722670304	0.179003159898	14.6956288549	0.733722670304	-12.9703343339	0.179003159898	4.09893697252	0.0546829694566
CCGGCCATTGATTATG	0.776581754674	0.463016907617	58.6752480558	0.776581754674	-13.9539199089	0.463016907617	1.67722115953	0.23549697733
CCGGCCATTGATTATT	0.172754727282	0.0683461687982	2.68168409761	0.172754727282	-14.2343856074	0.0683461687982	2.52764317767	0.127307617622
CCGGCCATTGATTCTA	-0.190219371046	0.490229709572	62.885492089	-0.190219371046	-13.7841714632	0.490229709572	-0.388020895781	0.7354064152
CCGGCCATTGATTGTA	0.488406092005	0.536626110609	68.2488602843	0.488406092005	-14.143708201	0.536626110609	0.910142243081	0.458819657715
CCGGCCATTGATTTTA	0.124580564037	0.483757114726	61.8932689729	0.124580564037	-13.5964005246	0.483757114726	0.257527094165	0.820846987071
CCGGCCATTGCGGATA	-0.287020494704	0.297185000852	33.8964869938	-0.287020494704	-13.2820019875	0.297185000852	-0.965797378339	0.436041143594
CCGGCCATTGCTTATA	0.483945915694	0.391775139653	48.6993832127	0.483945915694	-13.9251241502	0.391775139653	1.23526448391	0.342150887603
CCGGCCATTGGCGCTC	0.476491835441	0.483814129394	61.9200858139	0.476491835441	-8.16730759426	0.483814129394	0.984865481373	0.428519238446
CCGGCCATTGGTTATA	0.0768205076458	0.119367914704	7.83051756503	0.0768205076458	-13.9218725978	0.119367914704	0.643560774569	0.585804287542
CCGGCCATTGTTTATA	0.338519950973	0.354241367413	42.719227675	0.338519950973	-14.0551739014	0.354241367413	0.955619479015	0.440114522396
CCGGCCATTTAAGAAT	0.266693122323	0.983606538525	93.9930276213	0.266693122323	-15.2386353949	0.983606538525	0.271138012891	0.811705891323
CCGGCCATTTACCGGC	0.033146400952	0.143855454212	10.109949048	0.033146400952	-14.7204215959	0.143855454212	0.23041462789	0.83919262681
CCGGCCATTTACGGAT	0.752883126835	0.756949199427	86.511128989	0.752883126835	-14.661294095	0.756949199427	0.994628341512	0.424722842833
CCGGCCATTTATACTT	0.231935419136	0.275275392202	29.8739608474	0.231935419136	-15.7184495905	0.275275392202	0.84255776472	0.488173502976
CCGGCCATTTATTATA	-0.0371369442713	0.684781680699	82.2740681148	-0.0371369442713	-14.433444537	0.684781680699	-0.0542318016355	0.961680490222
CCGGCCATTTCGGATA	0.290605910139	0.182843085117	15.0710646286	0.290605910139	-13.9869396497	0.182843085117	1.58937325933	0.252926250799
CCGGCCATTTCGGTCC	0.898864977787	0.459735684175	58.1925449182	0.898864977787	-14.7718232163	0.459735684175	1.95517774392	0.189742067836
CCGGCCATTTGATATA	-0.156243692347	1.10286436638	95.8702064897	-0.156243692347	-15.0271021327	1.10286436638	-0.141670813846	0.900322505572
CCGGCCATTTGGAAGT	-0.925293231591	0.423301980896	53.2046124966	-0.925293231591	-8.67680758233	0.423301980896	-2.18589393234	0.160396840179
CCGGCCGTACCAACTA	-0.0882209933863	0.223857465864	20.193081255	-0.0882209933863	-12.0952189102	0.223857465864	-0.394094487962	0.731561105411
CCGGCCGTACGATAGC	0.224111364295	0.202694482792	17.8331992491	0.224111364295	-13.2483714319	0.202694482792	1.10566090013	0.384076988067
CCGGCCGTAGCAATCA	-0.214359648193	0.608332567124	75.8916599625	-0.214359648193	-14.1154535712	0.608332567124	-0.352372468248	0.758227052245
CCGGCCGTATCGGTCC	2.31081903758	0.454390173702	57.6025744167	2.31081903758	-13.7415832234	0.454390173702	5.08553919367	0.0365585277722
CCGGCCGTCAGATAAA	0.206369346653	0.510592159764	65.3258246179	0.206369346653	-13.2005430302	0.510592159764	0.404176489409	0.725206290524
CCGGCCGTCCACGGCA	0.537307413822	0.217096292558	19.4958433896	0.537307413822	-12.7337215167	0.217096292558	2.47497277586	0.131748305369
CCGGCCGTCGAGATAT	0.0717296811469	0.181314196099	14.9101635827	0.0717296811469	-12.2117690021	0.181314196099	0.395609845727	0.730603691506
CCGGCCGTGTAAGAAT	-0.391311123406	0.493245197757	63.6899973183	-0.391311123406	-13.0287455508	0.493245197757	-0.793339955839	0.510748725335
CCGGCCGTGTACCGGC	0.0694353047015	0.270865961817	27.5140788415	0.0694353047015	-12.6810104357	0.270865961817	0.256345626581	0.821642690376
CCGGCCGTTAAACAAC	0.346652720255	0.489982940883	62.8318584071	0.346652720255	-14.3263002733	0.489982940883	0.707479161683	0.552598022983
CCGGCCGTTACGGATA	-0.0604061054649	0.23299688651	21.8557253955	-0.0604061054649	-12.2074993868	0.23299688651	-0.259257135877	0.819682460538
CCGGCCGTTATACTTA	0.222624227297	0.733114680173	85.1971037812	0.222624227297	-14.3739586049	0.733114680173	0.30366903476	0.790058949745
CCGGCCGTTGATTATA	0.290983865921	0.164639711486	12.7379994637	0.290983865921	-12.526506211	0.164639711486	1.76739781244	0.219194835494
CCGGCCGTTGGCGCTC	0.516304096045	0.932760697954	92.8935371413	0.516304096045	-15.4882463861	0.932760697954	0.553522567125	0.635523762523
CCGGCCTTACCAACTA	-0.112721067866	0.171076599751	13.515687852	-0.112721067866	-13.395556397	0.171076599751	-0.658892379378	0.577679870369
CCGGCCTTACGATAGC	-0.235103530858	0.396348412338	49.477071601	-0.235103530858	-14.2560231963	0.396348412338	-0.59317389332	0.613208668226
CCGGCCTTATCGGTCC	0.855809082752	0.504953432692	64.8431214803	0.855809082752	-14.3083420062	0.504953432692	1.69482773528	0.232192649171
CCGGCCTTCAGATAAA	-0.292261189176	0.349984170744	42.2633413784	-0.292261189176	-14.1470823587	0.349984170744	-0.835069736311	0.491542356368
CCGGCCTTCCACGGCA	0.649569299788	0.265701358637	26.8704746581	0.649569299788	-13.7443029085	0.265701358637	2.44473458141	0.134395816623
CCGGCCTTCGAGATAT	-0.100425232715	0.26662325796	27.004558863	-0.100425232715	-13.3739173152	0.26662325796	-0.376655935731	0.742635706602
CCGGCCTTGTAAGAAT	0.22649125983	0.449153810524	57.0662375972	0.22649125983	-14.7043593794	0.449153810524	0.504262135873	0.664144549331
CCGGCCTTGTACCGGC	0.338089053589	0.79426869882	88.710109949	0.338089053589	-14.0981648692	0.79426869882	0.425660804828	0.711784588657
CCGGCCTTTACGGATA	0.0862629548457	0.369932476598	45.0791096809	0.0862629548457	-13.5798896478	0.369932476598	0.233185676583	0.837309591168
CCGGCCTTTGATTATA	-0.522127501758	0.202827809095	17.8600160901	-0.522127501758	-13.6803505252	0.202827809095	-2.5742402094	0.123551497336
CCGGCGATACCAACTA	0.247314001751	0.209988237675	18.7986055243	0.247314001751	-12.7674429234	0.209988237675	1.17775168976	0.360059217584
CCGGCGATACGATAGC	0.655426493951	0.473803416092	60.0697237865	0.655426493951	-14.0806407442	0.473803416092	1.38333003033	0.300741944974
CCGGCGATAGCAATCA	0.0545256745729	0.242850258889	24.4837758112	0.0545256745729	-14.9480487794	0.242850258889	0.224523847832	0.843201458265
CCGGCGATATCGGTCC	0.868184906904	0.247895370286	24.8860284259	0.868184906904	-14.0059323262	0.247895370286	3.50222315932	0.0727447609652
CCGGCGATCAGATAAA	0.351710236772	0.37590680899	45.7227138643	0.351710236772	-14.1571546698	0.37590680899	0.935631460671	0.44823364901
CCGGCGATCCACGGCA	-0.106816669385	0.329652280566	38.4017162778	-0.106816669385	-12.7839844204	0.329652280566	-0.324028304011	0.776664643985
CCGGCGATCGAGATAT	0.586892067556	0.193925006152	16.3582729954	0.586892067556	-13.1135524835	0.193925006152	3.02638674198	0.0940349128873
CCGGCGATGTAAGAAT	-0.606999693217	0.360377696229	43.3360150174	-0.606999693217	-13.5575686902	0.360377696229	-1.68434311992	0.234153034447
CCGGCGATGTACCGGC	-0.0318196464517	0.382463067968	47.0635559131	-0.0318196464517	-13.4343576043	0.382463067968	-0.0831966511714	0.941272619086
CCGGCGATTAAACAAC	-0.454206438098	0.338741997073	40.3057119871	-0.454206438098	-14.3851852239	0.338741997073	-1.34086249128	0.311963020299
CCGGCGATTACGGATA	0.371362795022	0.307393404645	35.4786806114	0.371362795022	-13.3349903273	0.307393404645	1.20810267693	0.350474178208
CCGGCGATTGATTATA	0.752360985489	0.350312825624	42.3169750603	0.752360985489	-13.1731913897	0.350312825624	2.14768324325	0.164808696027
CCGGCTATACCAACTA	0.0792534274124	0.390093044815	48.6457495307	0.0792534274124	-13.184322543	0.390093044815	0.203165445952	0.857800208385
CCGGCTATACGATAGC	-0.0465143613498	0.308255470131	35.6127648163	-0.0465143613498	-14.3362526869	0.308255470131	-0.150895493695	0.893903006491
CCGGCTATATCGGTCC	0.751571761999	0.91546494502	92.3035666398	0.751571761999	-14.7105632655	0.91546494502	0.8209727375	0.497948418215
CCGGCTATCAGATAAA	-0.402423859229	0.879737628304	91.3917940467	-0.402423859229	-14.3093724246	0.879737628304	-0.457436224485	0.692242724831
CCGGCTATCCACGGCA	0.183068512206	0.413871258022	52.1051220166	0.183068512206	-13.5061125543	0.413871258022	0.442332026342	0.70148505751
CCGGCTATCGAGATAT	0.708492801017	0.251903240387	25.3419147224	0.708492801017	-13.8763575897	0.251903240387	2.81255929828	0.10658317273
CCGGCTATGTACCGGC	-0.00150771047771	0.522432988746	66.8007508715	-0.00150771047771	-13.8568576288	0.522432988746	-0.0028859404176	0.99795933621
CCGGCTATTAAACAAC	-0.0138963818573	1.12177859743	96.0579243765	-0.0138963818573	-14.8639295991	1.12177859743	-0.0123878115424	0.991240830489
CCGGCTATTACGGATA	0.152387319633	0.274371644938	28.4258514347	0.152387319633	-13.6207180875	0.274371644938	0.555404767382	0.634449765678
CCGGCTATTGATTATA	0.140474173884	0.51179239931	65.4867256637	0.140474173884	-13.6136392351	0.51179239931	0.274474912236	0.80947218142
CCGGGCATACCAACTA	0.0330751154998	0.104888116561	6.27514078842	0.0330751154998	-12.6422113337	0.104888116561	0.315337109524	0.782367571601
CCGGGCATACGATAGC	0.226297841565	0.324738588659	37.8653794583	0.226297841565	-13.8664983283	0.324738588659	0.696861566405	0.557992650007
CCGGGCATAGCAATCA	0.720239927374	0.149590584124	10.9412711183	0.720239927374	-15.4573182455	0.149590584124	4.81474105868	0.04053278127
CCGGGCATATCGGTCC	0.34528162333	0.532486407303	67.6857066238	0.34528162333	-13.8512154479	0.532486407303	0.648432746065	0.583211686749
CCGGGCATCAGATAAA	-0.041409042491	0.299252836131	34.1110217216	-0.041409042491	-13.5561254814	0.299252836131	-0.1383747704	0.902619302211
CCGGGCATCCACGGCA	0.162559563346	0.454726133902	57.7098417806	0.162559563346	-13.132256526	0.454726133902	0.357488939445	0.754925922586
CCGGGCATCGAGATAT	-0.115542484676	0.26730158919	27.0850093859	-0.115542484676	-12.7515846578	0.26730158919	-0.432255135579	0.707698388165
CCGGGCATGTAAGAAT	-0.502983985461	0.590984338827	74.0949316171	-0.502983985461	-14.0474091209	0.590984338827	-0.851095286989	0.484361087349
CCGGGCATGTACCGGC	-0.145416025346	0.360967930735	43.4432823813	-0.145416025346	-13.0155016682	0.360967930735	-0.402850261656	0.726040195563
CCGGGCATTAAACAAC	0.841848141286	0.244164527767	24.698310539	0.841848141286	-15.3354152024	0.244164527767	3.44787242022	0.0748032853872
CCGGGCATTACGGATA	-0.180536614612	0.175710156544	14.2397425583	-0.180536614612	-12.8601930643	0.175710156544	-1.02746829303	0.412221488702
CCGGGCATTGATTATA	0.313771216322	0.228781803001	21.373022258	0.313771216322	-12.8420083829	0.228781803001	1.37148677127	0.303820635078
CCGGTCATACCAACTA	-0.50020172117	0.232114091228	21.7484580316	-0.50020172117	-13.4074014083	0.232114091228	-2.15498214057	0.163953251701
CCGGTCATACGATAGC	-0.0427037456282	0.107542538891	6.65057656208	-0.0427037456282	-14.9993810835	0.107542538891	-0.397087013832	0.729671174293
CCGGTCATATCGGTCC	0.549861376503	0.450115065541	57.2003218021	0.549861376503	-14.0648469881	0.450115065541	1.22160180496	0.346307937327
CCGGTCATCAGATAAA	-0.495510052893	1.24684662959	97.4524001073	-0.495510052893	-14.4095919877	1.24684662959	-0.397410588548	0.729467007177
CCGGTCATCCACGGCA	-0.131965015411	0.568205576532	72.1373022258	-0.131965015411	-13.5254397516	0.568205576532	-0.232248715713	0.8379460948
CCGGTCATCGAGATAT	-0.23352331033	0.596786333173	74.6849021185	-0.23352331033	-13.7251279596	0.596786333173	-0.391301370943	0.733327901548
CCGGTCATGTAAGAAT	0.231935430642	0.275275388953	28.6672030035	0.231935430642	-14.87115174	0.275275388953	0.842557816464	0.488173479778
CCGGTCATGTACCGGC	0.53677303911	0.464395032313	59.0775006704	0.53677303911	-14.6303640823	0.464395032313	1.15585439499	0.367165499266
CCGGTCATTACGGATA	0.276243867259	0.153272502976	11.3435237329	0.276243867259	-14.0109392781	0.153272502976	1.80230544876	0.213282400673
CCGGTCATTGATTATA	-0.282983481741	0.722264194598	84.7412174846	-0.282983481741	-13.6825523311	0.722264194598	-0.391800512689	0.733011969704
CCGTCCATACCAACTA	0.353317580865	0.601054412145	75.1944220971	0.353317580865	-14.0607982295	0.601054412145	0.587829610308	0.616178146027
CCGTCCATACGATAGC	0.148644951618	0.70025279724	83.4540091177	0.148644951618	-15.229452541	0.70025279724	0.212273270745	0.851562958199
CCGTCCATATCGGTCC	-0.471265084708	0.558717633084	70.7160096541	-0.471265084708	-14.7931002718	0.558717633084	-0.843476305028	0.487761868833
CCGTCCATCAGATAAA	0.861630074006	0.684479651755	82.1936175918	0.861630074006	-15.3013424771	0.684479651755	1.25881035586	0.335125396875
CCGTCCATCCACGGCA	-0.56791780548	0.444440445614	56.4226334138	-0.56791780548	-13.9563544261	0.444440445614	-1.27782655941	0.329577266522
CCGTCCATCGAGATAT	0.986158198627	0.431867144571	54.3845534996	0.986158198627	-14.6955212424	0.431867144571	2.28347585832	0.149840388063
CCGTCCATGTACCGGC	-0.611974213513	0.85831962857	90.4800214535	-0.611974213513	-14.6266045508	0.85831962857	-0.712991050353	0.549816606172
CCGTCCATTACGGATA	-0.122449096313	0.609999307583	76.0257441673	-0.122449096313	-13.910484909	0.609999307583	-0.200736451322	0.859466537523
CCGTCCATTGATTATA	0.141243938738	0.555824657187	70.4478412443	0.141243938738	-14.3670601342	0.555824657187	0.254116000273	0.823145267749
CCTATCTTACCAACTA	-0.609605419046	0.571716610646	72.7004558863	-0.609605419046	-13.1228312877	0.571716610646	-1.06627200906	0.39797409442
CCTATCTTCAGATAAA	-0.184402624877	0.169567569373	13.4084204881	-0.184402624877	-14.7717748656	0.169567569373	-1.08748757536	0.390419198699
CCTATCTTCCACGGCA	0.755244290181	0.233710233496	22.418879056	0.755244290181	-15.8280952561	0.233710233496	3.23154137875	0.0838857903038
CCTATCTTCCTATTTA	-0.377357454837	0.335821086775	39.2330383481	-0.377357454837	-14.3567309287	0.335821086775	-1.12368600335	0.377902607658
CCTATCTTCGAGATAT	-0.345031849176	1.01704272118	94.6902654867	-0.345031849176	-14.2687701959	1.01704272118	-0.339250104239	0.766731821147
CCTATCTTGTAAGAAT	-0.420684907541	0.381273767667	46.7149369804	-0.420684907541	-14.3937920381	0.381273767667	-1.10336703759	0.384870993635
CCTATCTTTACGGATA	-0.230244050233	0.335624821237	39.1257709842	-0.230244050233	-13.3567329174	0.335624821237	-0.68601615752	0.563552983326
CCTATCTTTATACTTA	-0.750624537931	0.988493241472	94.2343791901	-0.750624537931	-14.6410584581	0.988493241472	-0.759362336977	0.526932703555
CCTATCTTTGATTATA	0.0146919198751	0.447200157946	56.8517028694	0.0146919198751	-14.1366664661	0.447200157946	0.0328531187078	0.976775602815
CCTGAGTTACCAACTA	-0.252412628407	0.237919561213	23.3574684902	-0.252412628407	-12.9888941302	0.237919561213	-1.06091582853	0.399907454417
CCTGAGTTACGATAGC	0.369230389002	0.309787688491	35.8809332261	0.369230389002	-14.4800069041	0.309787688491	1.1918820622	0.355558905285
CCTGAGTTAGCAATCA	1.01199221058	0.104111621288	6.24832394744	1.01199221058	-14.5231224822	0.104111621288	9.72026175432	0.0104187427914
CCTGAGTTCAGATAAA	0.0665258479713	0.336457693302	39.7693751676	0.0665258479713	-13.7914725243	0.336457693302	0.197724258638	0.861534608328
CCTGAGTTCCACGGCA	0.746697910494	0.242485646367	24.2424242424	0.746697910494	-13.6733854778	0.242485646367	3.07934890862	0.0912534843239
CCTGAGTTCGAGATAT	0.160921674902	0.570460608424	72.3786537946	0.160921674902	-14.5055763189	0.570460608424	0.282090774588	0.804385263925
CCTGAGTTCTCCTCGC	0.71380454834	0.444675091123	56.4494502548	0.71380454834	-13.6310866161	0.444675091123	1.60522719305	0.249660676952
CCTGAGTTGTAAGAAT	0.108848591772	0.5986687293	75.0335210512	0.108848591772	-13.8962929785	0.5986687293	0.18181773399	0.872484966358
CCTGAGTTTACGGATA	0.400567132282	0.324436407404	37.7849289354	0.400567132282	-12.9412017024	0.324436407404	1.2346553073	0.34233496958
CCTGAGTTTATACTTA	-1.02630463408	0.59278918264	74.4167337088	-1.02630463408	-14.2798452852	0.59278918264	-1.7313147138	0.225535057594
CCTGAGTTTGATTATA	0.150847505728	0.578353831102	73.1295253419	0.150847505728	-13.6807285543	0.578353831102	0.260822177732	0.818629651473
CCTGCCATACCAACTA	-0.489461647722	0.477650832481	60.632877447	-0.489461647722	-13.3575617574	0.477650832481	-1.02472688089	0.413249364459
CCTGCCATACGATAGC	-0.162898410384	0.312697273103	36.0686511129	-0.162898410384	-14.6938812095	0.312697273103	-0.520946053568	0.654341376874
CCTGCCATCAGATAAA	0.0415734880478	0.241624405724	24.0010726736	0.0415734880478	-15.1226437036	0.241624405724	0.172058314735	0.879226958674
CCTGCCATCCACGGCA	-0.947629016448	0.25587436479	25.82461786	-0.947629016448	-14.3577153901	0.25587436479	-3.70349338132	0.0657944294847
CCTGCCATCGAGATAT	0.317044867632	0.601187284353	75.248055779	0.317044867632	-13.822859939	0.601187284353	0.527364559903	0.650599699985
CCTGCCATGTACCGGC	0.392586704702	0.609197889951	75.9452936444	0.392586704702	-14.3708274459	0.609197889951	0.644432147875	0.585339846074
CCTGCCATTACGGATA	0.665277758927	0.429650014718	54.0091177259	0.665277758927	-14.4794074929	0.429650014718	1.54841786603	0.261619164779
CCTGCCATTGATTATA	0.149351390915	0.744051414012	85.7870742826	0.149351390915	-13.8938708887	0.744051414012	0.200727245594	0.859472855082
CGAGAGTTACCAACTA	-0.118126312462	0.196840482107	16.894609815	-0.118126312462	-11.4987973744	0.196840482107	-0.600111883477	0.609371549403
CGAGAGTTACGATAGC	0.0136385540915	0.149450994407	10.8876374363	0.0136385540915	-12.9655433231	0.149450994407	0.0912577005297	0.935604991734
CGAGAGTTAGCAATCA	0.812308790558	0.179564914838	14.7492625369	0.812308790558	-13.2866610853	0.179564914838	4.52376117734	0.0455523553096
CGAGAGTTCAGATAAA	0.00085503056984	0.258698052274	26.3073209976	0.00085503056984	-12.4596255975	0.258698052274	0.00330512952195	0.997662926885
CGAGAGTTCCACGGCA	0.305705849557	0.150498184783	11.1021721641	0.305705849557	-12.3530667861	0.150498184783	2.03129260328	0.179310859791
CGAGAGTTCCTATTTA	-0.280530699262	0.365622992274	44.3550549745	-0.280530699262	-14.5773900103	0.365622992274	-0.767267664206	0.523123346019
CGAGAGTTCGAGATAT	-0.216178041647	0.35044666502	42.3437919013	-0.216178041647	-12.9955648771	0.35044666502	-0.616864314104	0.600190061867
CGAGAGTTCTCCTCGC	0.538297233912	0.101588795783	5.98015553768	0.538297233912	-12.2033019642	0.101588795783	5.2987854592	0.033819743568
CGAGAGTTGTAAGAAT	-0.264432458765	0.198111018013	17.0823277018	-0.264432458765	-12.8724730365	0.198111018013	-1.33476906745	0.313614891122
CGAGAGTTTACGGATA	0.258420470253	0.0302050577637	0.536336819523	0.258420470253	-11.5585622765	0.0302050577637	8.55553636993	0.0133879861228
CGAGAGTTTATACTTA	-0.742049404952	0.372148122414	45.3740949316	-0.742049404952	-13.649921255	0.372148122414	-1.99396251186	0.184327503171
CGAGAGTTTGATTATA	0.0774636545685	0.142799278796	10.083132207	0.0774636545685	-12.1346564508	0.142799278796	0.542465306699	0.641862467839
CGAGAGTTTTGGAAGT	-0.551410234841	0.584030575485	73.5585947975	-0.551410234841	-13.8623164472	0.584030575485	-0.944146176565	0.444755520875
CGCCCGAAACGATAGC	0.346228169788	0.371936661637	45.3472780906	0.346228169788	-13.684847598	0.371936661637	0.930879382161	0.450187411744
CGCCCGAACAGATAAA	0.0681043466472	0.592164643584	74.3631000268	0.0681043466472	-15.0063457836	0.592164643584	0.115009140422	0.918943849703
CGCCCGAACTCCTCGC	0.159404202245	0.475548870751	60.3915258783	0.159404202245	-14.6785530697	0.475548870751	0.335200464241	0.769367391691
CGCCCGAATACGGATA	0.903468428172	0.286625844696	31.7779565567	0.903468428172	-14.0885408843	0.286625844696	3.15208291537	0.0876215490683
CGGCAATGACGATAGC	-0.685530331484	0.490301498758	62.939125771	-0.685530331484	-14.5487936205	0.490301498758	-1.39818118692	0.296935584917
CGGCCATAACCAACTA	-0.133450337969	0.404289581249	50.4961115581	-0.133450337969	-14.4470014806	0.404289581249	-0.33008601794	0.772703217145
CGGCCATAATCGGTCC	0.870237096338	0.507372122809	65.0040225261	0.870237096338	-15.1069523457	0.507372122809	1.71518508254	0.228446976097
CGGCCATACGAGATAT	-0.342212508292	1.10885588023	95.9238401716	-0.342212508292	-14.2341898674	1.10885588023	-0.308617661135	0.786792055324
CGGCCATATACGGATA	-0.321651340731	0.119651149908	7.88415124698	-0.321651340731	-14.4513991314	0.119651149908	-2.68824278728	0.114993454357
CGGCCATATGATTATA	0.340000262141	0.0408717618016	0.992223116117	0.340000262141	-13.3080780954	0.0408717618016	8.31870825122	0.0141448026342
CGGCCATCACCAACTA	1.15662262743	0.628640724982	77.9029230357	1.15662262743	-9.38973525596	0.628640724982	1.83987861662	0.207151633857
CGGCCATCCCACGGCA	0.197810149821	0.929677618669	92.6253687316	0.197810149821	-15.0168197162	0.929677618669	0.21277284281	0.851221344504
CGGCCATCGTACCGGC	0.491425043179	0.201578541579	17.7259318852	0.491425043179	-14.8051453769	0.201578541579	2.43788371187	0.135005926084
CGGCCATCTACGGATA	-1.02718164784	0.40689694612	50.7910968088	-1.02718164784	-14.2529088258	0.40689694612	-2.52442702664	0.127572732596
CGGCCATGACGATAGC	-0.658241831938	0.927206388798	92.4644676857	-0.658241831938	-14.0241013652	0.927206388798	-0.709919430982	0.551365001953
CGGCCATGCCACGGCA	0.566305172067	0.720796803995	84.5266827568	0.566305172067	-9.18350260631	0.720796803995	0.785665487039	0.514361184931
CGGCCATGTACGGATA	-0.778660711064	0.483722973232	61.8664521319	-0.778660711064	-14.5219188567	0.483722973232	-1.609724479	0.248744209457
CGGCCATTACCAACTA	0.0773181646365	0.550177678834	69.4556181282	0.0773181646365	-13.7839874874	0.550177678834	0.140533081604	0.90111513844
CGGCCATTACGATAGC	0.0193913236646	0.566977893771	72.0300348619	0.0193913236646	-14.167251067	0.566977893771	0.0342011988081	0.975823169407
CGGCCATTCGAGATAT	-0.8163135326	1.73483922094	99.2491284527	-0.8163135326	-14.3677368461	1.73483922094	-0.470541317458	0.684293526042
CGGCCATTTACGGATA	-1.45643582627	0.577351705837	73.1027085009	-1.45643582627	-6.96614724216	0.577351705837	-2.52261457192	0.127722477645
CGGGCCATACCAACTA	0.100732307371	0.171636112969	13.5961383749	0.100732307371	-12.452959391	0.171636112969	0.586894597112	0.616698902959
CGGGCCATACGATAGC	0.502640752159	0.43247176945	54.4113703406	0.502640752159	-13.7988764211	0.43247176945	1.16225101305	0.365072842697
CGGGCCATAGCAATCA	-0.532103705021	0.277077209333	29.9812282113	-0.532103705021	-14.3098018127	0.277077209333	-1.92041671815	0.194777929556
CGGGCCATATCGGTCC	0.204514571897	0.336579016971	39.7961920086	0.204514571897	-13.4983360064	0.336579016971	0.607627218528	0.605237978231
CGGGCCATCAGATAAA	0.908850813003	0.0552086526792	1.7967283454	0.908850813003	-14.1289034463	0.0552086526792	16.4621081823	0.00366972360323
CGGGCCATCCACGGCA	0.053849504249	0.210490935314	18.8790560472	0.053849504249	-12.6894934425	0.210490935314	0.255828138958	0.821991321994
CGGGCCATCGAGATAT	0.547536666684	0.194737881712	16.4923572003	0.547536666684	-12.7481533776	0.194737881712	2.81165976477	0.106640858805
CGGGCCATCTCCTCGC	0.186309992455	0.971747960739	93.6980423706	0.186309992455	-15.1811356669	0.971747960739	0.191726661627	0.865657731877
CGGGCCATGTAAGAAT	-0.799462735115	0.145673616524	10.5390185036	-0.799462735115	-13.5611431725	0.145673616524	-5.48804069117	0.0316350031588
CGGGCCATGTACCGGC	0.283328080999	0.266103321179	26.950925181	0.283328080999	-13.1012096306	0.266103321179	1.06472959354	0.398529761198
CGGGCCATTAAACAAC	0.988905248896	0.375893096401	45.6958970233	0.988905248896	-14.9498787151	0.375893096401	2.63081513964	0.119196606075
CGGGCCATTACGGATA	-0.0822682150056	0.216327810508	19.4153928667	-0.0822682150056	-12.5628529214	0.216327810508	-0.380294215581	0.740316611085
CGGGCCATTATACTTA	-0.0775491557204	0.985526013405	94.1002949853	-0.0775491557204	-14.7061759556	0.985526013405	-0.0786880860227	0.944445050809
CGGGCCATTGATTATA	0.696327044399	0.372375634433	45.4277286136	0.696327044399	-13.0976284517	0.372375634433	1.86995866542	0.202410926932
CGTCTTTGACCAACTA	-0.326541613282	0.224946306289	20.8903191204	-0.326541613282	-13.470721034	0.224946306289	-1.45164247713	0.283719284087
CGTCTTTGACGATAGC	-0.423552881524	0.581098811585	73.3440600697	-0.423552881524	-14.1763643496	0.581098811585	-0.728882718532	0.541870333274
CGTCTTTGCAGATAAA	-0.0140521219307	0.209455232326	18.7181550013	-0.0140521219307	-14.1087978246	0.209455232326	-0.067088903794	0.952614271076
CGTCTTTGCCACGGCA	0.463515213411	0.641467921287	78.8415124698	0.463515213411	-15.4963576118	0.641467921287	0.722585180068	0.545006311067
CGTCTTTGCGAGATAT	-0.546773118532	1.31158038162	97.9351032448	-0.546773118532	-14.2621367659	1.31158038162	-0.416881135305	0.717249447968
CGTCTTTGCTCCTCGC	1.24565361265	0.502891803858	64.4140520247	1.24565361265	-15.6158783905	0.502891803858	2.47698133693	0.131575027841
CGTCTTTGGTAAGAAT	0.456869867967	0.193950918342	16.3850898364	0.456869867967	-13.8604342897	0.193950918342	2.35559528087	0.142644618654
CGTCTTTGGTACCGGC	0.0288526509653	0.967121174134	93.3494234379	0.0288526509653	-14.6939263446	0.967121174134	0.0298335428249	0.978909191957
CGTCTTTGTACGGATA	-0.391293813738	0.237829136497	23.2770179673	-0.391293813738	-13.1758564053	0.237829136497	-1.64527281855	0.241650521966
CGTCTTTGTCGAGATT	0.45525987147	0.438310900122	55.108608206	0.45525987147	-15.2997827181	0.438310900122	1.03866883379	0.408051345445
CGTCTTTGTGATTATA	0.22321531646	0.326206286643	38.0262805042	0.22321531646	-13.5661213445	0.326206286643	0.68427656241	0.564449553462
CGTCTTTGTGGCGCTC	0.720239927374	0.149590584124	10.9412711183	0.720239927374	-15.4573182455	0.149590584124	4.81474105868	0.04053278127
CGTGAAGGACCAACTA	-1.25634461465	0.324476821023	37.8117457763	-1.25634461465	-7.07179110235	0.324476821023	-3.87190866421	0.0606942391869
CGTGAAGGCGAGATAT	-0.0288167579829	0.111949355181	7.13327969965	-0.0288167579829	-7.83166480702	0.111949355181	-0.257408878651	0.820926587909
CGTGAAGGTACGGATA	-0.309248396909	0.607667008235	75.7575757576	-0.309248396909	-8.06193994782	0.607667008235	-0.508910954055	0.66140182716
CGTGCGCGTATACTTA	0.29651829378	0.521125429058	66.6666666667	0.29651829378	-13.8285270446	0.521125429058	0.568996017554	0.626737877794
CTAGAGTTACCAACTA	-0.265635457728	0.208391243046	18.6377044784	-0.265635457728	-12.8828531675	0.208391243046	-1.27469587419	0.330483035343
CTAGAGTTACGATAGC	-1.04318945947	0.513314216046	65.6744435505	-1.04318945947	-13.6708967063	0.513314216046	-2.03226294315	0.179182932588
CTAGAGTTAGCAATCA	-0.381582705428	1.08386140008	95.5752212389	-0.381582705428	-14.1451521823	1.08386140008	-0.352058580001	0.758429846746
CTAGAGTTCAGATAAA	1.4484899089	0.378440114181	46.044515956	1.4484899089	-14.2550916722	0.378440114181	3.82752740692	0.0619810050137
CTAGAGTTCCACGGCA	0.52312977119	0.333467891804	38.7503352105	0.52312977119	-13.5355434657	0.333467891804	1.56875604533	0.25725537371
CTAGAGTTCGAGATAT	-0.282809259628	0.204811050485	18.020917136	-0.282809259628	-13.9993722125	0.204811050485	-1.38083008196	0.30138859875
CTAGAGTTCTCCTCGC	0.718744122894	0.187883089573	15.7951193349	0.718744122894	-13.426851768	0.187883089573	3.82548596857	0.0620411434358
CTAGAGTTGTAAGAAT	0.2853374777	0.389392184892	48.4312148029	0.2853374777	-14.4754512892	0.389392184892	0.732776590724	0.539939819068
CTAGAGTTGTACCGGC	-0.871821680154	0.346976432363	41.8342719228	-0.871821680154	-14.8815348654	0.346976432363	-2.51262506279	0.128552235038
CTAGAGTTTACGGATA	-0.0734323891101	0.310800767511	35.934566908	-0.0734323891101	-12.5219842038	0.310800767511	-0.236268364774	0.83521687196
CTAGAGTTTGATTATA	-0.290604270854	0.653665018226	79.6728345401	-0.290604270854	-13.1919639536	0.653665018226	-0.444576752237	0.700106098318
CTAGAGTTTTGGAAGT	0.484946821873	1.24936573892	97.5060337892	0.484946821873	-15.0853231601	1.24936573892	0.388154410487	0.735321747844
CTATCTTATACGGATA	-0.0937112659959	0.865607381521	90.9359077501	-0.0937112659959	-14.8075437391	0.865607381521	-0.108260705715	0.923671444079
CTATCTTGACCAACTA	-0.596969627288	0.378577784916	46.1249664789	-0.596969627288	-13.8027900893	0.378577784916	-1.57687442601	0.255539467377
CTATCTTGTGATTATA	0.0612039302668	0.0647709734262	2.252614642	0.0612039302668	-12.3369663979	0.0647709734262	0.944928368824	0.44443745861
CTATCTTTACGATAGC	0.812852269341	0.618901898469	76.8302493966	0.812852269341	-15.5729744273	0.618901898469	1.31337821285	0.319498847466
CTCCCGAAACGATAGC	0.894816228136	0.320553438706	37.114507911	0.894816228136	-15.2015522253	0.320553438706	2.79147287188	0.107947128741
CTCCCGAATACGGATA	-0.243480169623	0.41963117047	52.802359882	-0.243480169623	-14.1107469515	0.41963117047	-0.580224222501	0.62042458164
CTGGCCATACCAACTA	0.513150543512	0.291529633548	32.6629123089	0.513150543512	-13.5633083891	0.291529633548	1.76020028313	0.220440661487
CTGGCCATACGATAGC	0.540185278363	0.153190736589	11.3167068919	0.540185278363	-14.7219662135	0.153190736589	3.52622678363	0.0718615869524
CTGGCCATAGCAATCA	0.0545256745729	0.242850258889	24.4837758112	0.0545256745729	-14.9480487794	0.242850258889	0.224523847832	0.843201458265
CTGGCCATATCGGTCC	0.747104766637	0.33260313538	38.6967015286	0.747104766637	-14.3293537288	0.33260313538	2.24623488826	0.153753149918
CTGGCCATCAGATAAA	-0.167577347804	0.586371275538	73.7731295253	-0.167577347804	-14.4385345946	0.586371275538	-0.285787102463	0.801922001801
CTGGCCATCCACGGCA	-0.111915690521	0.305868158822	35.3177795656	-0.111915690521	-13.2640163566	0.305868158822	-0.365895197958	0.749520732265
CTGGCCATCGAGATAT	0.391458532058	0.480137132057	61.0619469027	0.391458532058	-13.4466136223	0.480137132057	0.815305682317	0.500547254308
CTGGCCATGTAAGAAT	0.288392561087	0.611221612564	76.2402788951	0.288392561087	-14.5959347076	0.611221612564	0.471829783435	0.683515521362
CTGGCCATGTACCGGC	0.868804839734	0.427125350307	53.7141324752	0.868804839734	-14.2903515979	0.427125350307	2.03407463197	0.178944414195
CTGGCCATTACGGATA	-0.0829861358922	0.773368333505	87.0742826495	-0.0829861358922	-13.124286652	0.773368333505	-0.10730480199	0.924341523284
CTGGCCATTGATTATA	0.330557065763	0.271690297825	27.6481630464	0.330557065763	-13.4427955459	0.271690297825	1.21666864223	0.347823627624
CTGTAACTACCAACTA	-0.141457188155	0.515390067043	66.1035130062	-0.141457188155	-13.3952607569	0.515390067043	-0.274466267786	0.809477964182
CTGTAACTCGAGATAT	-1.37593375866	0.369955063702	45.1327433628	-1.37593375866	-13.845920226	0.369955063702	-3.71919158205	0.065293279904
CTGTAACTTACGGATA	-0.871821680154	0.346976432363	41.8342719228	-0.871821680154	-14.8815348654	0.346976432363	-2.51262506279	0.128552235038
CTTCCCGACAGATAAA	0.379729580949	0.416174863463	52.4537409493	0.379729580949	-14.2253870189	0.416174863463	0.912427958262	0.457859658004
CTTCCCGGCGAGATAT	0.945875212107	0.493586027021	63.7704478412	0.945875212107	-14.5926938491	0.493586027021	1.9163330409	0.195381239744
CTTTCGGCACGATAGC	0.181012479024	0.369855297399	45.0254759989	0.181012479024	-14.9123750774	0.369855297399	0.489414320403	0.672961726176
GAAGTGCTACCAACTA	-0.641865400875	0.477542721183	60.6060606061	-0.641865400875	-13.9682903197	0.477542721183	-1.34410048024	0.311089559458
GAAGTGCTACGATAGC	-0.325604898251	0.304453505901	35.0227943148	-0.325604898251	-13.8687600397	0.304453505901	-1.06947330853	0.396823588271
GAAGTGCTCAGATAAA	0.140173240924	0.0288302481068	0.48270313757	0.140173240924	-14.5879653923	0.0288302481068	4.86201993144	0.0397945214434
GAAGTGCTCCACGGCA	-0.329406058004	0.687903744401	82.5690533655	-0.329406058004	-14.438761837	0.687903744401	-0.478854869864	0.679284863825
GAAGTGCTCGAGATAT	1.44846233886	1.17671713267	96.8892464468	1.44846233886	-15.0710055451	1.17671713267	1.23093502987	0.343461729951
GAAGTGCTCTCCTCGC	-0.248757307015	0.673771626	80.933226066	-0.248757307015	-14.6980102297	0.673771626	-0.369201221031	0.747401342212
GAAGTGCTGTAAGAAT	0.503577410992	0.384908427478	47.3585411639	0.503577410992	-14.5862737219	0.384908427478	1.30830445644	0.320914128166
GAAGTGCTTACGGATA	-0.435834664342	0.350246101672	42.2901582194	-0.435834664342	-14.0057571216	0.350246101672	-1.24436692446	0.339414293323
GAAGTGCTTGATTATA	-0.323917629172	0.485289827086	62.2418879056	-0.323917629172	-14.9409136381	0.485289827086	-0.667472531038	0.573176988754
GACCCGAATACGGATA	0.690195138266	0.228095566697	21.1853043711	0.690195138266	-14.9671680543	0.228095566697	3.02590334508	0.0940608535084
GACGACAGCAGATAAA	0.421793676086	1.22089042147	97.1574148565	0.421793676086	-15.1653461114	1.22089042147	0.345480371267	0.762687097868
GACTCAGAACCAACTA	0.298305879523	0.243944030234	24.6446768571	0.298305879523	-13.3823555389	0.243944030234	1.22284558158	0.345927029746
GACTCAGACCACGGCA	0.236346723272	0.519732240793	66.3716814159	0.236346723272	-14.4449357825	0.519732240793	0.454747088446	0.693881948773
GACTCAGACTCCTCGC	0.148644951618	0.70025279724	83.4540091177	0.148644951618	-15.229452541	0.70025279724	0.212273270745	0.851562958199
GACTCAGATAAACAAC	1.12692730721	0.463646414873	58.9434164655	1.12692730721	-14.7698061982	0.463646414873	2.43057483258	0.1356610811
GACTCAGATACGGATA	0.165149275495	0.387854161221	47.9485116653	0.165149275495	-12.9713489526	0.387854161221	0.425802510344	0.711696613641
GACTCAGATATACTTA	0.527940973134	0.680320880427	81.7109144543	0.527940973134	-14.9019686285	0.680320880427	0.776017594525	0.518938107091
GACTCAGATGATTATA	-0.261772192555	1.3309200724	97.9887369268	-0.261772192555	-14.511564539	1.3309200724	-0.196685133828	0.862248458533
GAGTTGAGCTCCTCGC	0.164765219704	0.443826285956	56.2885492089	0.164765219704	-15.261999848	0.443826285956	0.371238083272	0.746097377861
GATACCACCAGATAAA	0.832794006974	1.35289497145	98.0691874497	0.832794006974	-14.712209707	1.35289497145	0.61556441893	0.600898251375
GATACCGAACCAACTA	0.27628156705	0.369159326563	44.8109412711	0.27628156705	-13.831634369	0.369159326563	0.748407387191	0.532255762537
GATACCGAACGATAGC	0.51052669421	0.609216042867	75.9721104854	0.51052669421	-14.8992066169	0.609216042867	0.838005991778	0.490218540575
GATACCGACAGATAAA	0.0526985375555	0.331081537173	38.5089836417	0.0526985375555	-13.5136999858	0.331081537173	0.159170873753	0.888155372605
GATACCGACGAGATAT	0.812852269341	0.618901898469	76.8302493966	0.812852269341	-15.5729744273	0.618901898469	1.31337821285	0.319498847466
GATACCGACTCCTCGC	0.753610949225	0.62795348826	77.8492893537	0.753610949225	-14.7348027184	0.62795348826	1.20010631888	0.352970035133
GATACCGAGTAAGAAT	0.285784357913	0.605228155501	75.6503083937	0.285784357913	-14.7819288801	0.605228155501	0.472192767828	0.683296458411
GATACCGATACGGATA	0.58193850398	0.103239106668	6.11423974256	0.58193850398	-13.9757247716	0.103239106668	5.63680297867	0.0300607968123
GATACCGATGATTATA	-0.126959644778	0.388145877355	48.1094127112	-0.126959644778	-14.2100998156	0.388145877355	-0.32709260148	0.774659357618
GATGCGCGTATACTTA	0.739414913221	0.409214463693	51.2201662644	0.739414913221	-14.8085712232	0.409214463693	1.80691294865	0.212517796589
GATTCGGCACGATAGC	0.240412667605	0.683176521472	82.059533387	0.240412667605	-13.6820683846	0.683176521472	0.351904171248	0.758529617581
GATTCGGCTAAACAAC	-0.0346369704607	0.345623300559	41.3515687852	-0.0346369704607	-15.3080019405	0.345623300559	-0.100215958833	0.929313873081
GCAATGCTACCAACTA	1.1330319365	0.287719263093	32.1533923304	1.1330319365	-14.5201702956	0.287719263093	3.93797733359	0.0588494678996
GCAATGCTACGATAGC	0.0108697469122	0.570437895287	72.3250201126	0.0108697469122	-13.7625525533	0.570437895287	0.0190550925912	0.986527237736
GCAATGCTCCACGGCA	-1.11313360555	0.454760480009	57.8171091445	-1.11313360555	-14.5153887445	0.454760480009	-2.44773601596	0.134129730166
GCAATGCTCCTATTTA	-0.835164207529	1.81748389229	99.4636631805	-0.835164207529	-13.8394318786	1.81748389229	-0.459516703873	0.69097639803
GCAATGCTCGAGATAT	0.70456544687	0.284990020992	31.3757039421	0.70456544687	-13.937861105	0.284990020992	2.47224602608	0.131984050207
GCAATGCTCTCCTCGC	1.09839190534	1.06916530843	95.3875033521	1.09839190534	-14.5973748411	1.06916530843	1.0273359009	0.412271063049
GCAATGCTGTAAGAAT	0.145699000761	0.635013385256	78.1710914454	0.145699000761	-14.3425600425	0.635013385256	0.229442408844	0.839853705015
GCAATGCTTACGGATA	-0.609152047629	0.602849153107	75.5162241888	-0.609152047629	-14.149877978	0.602849153107	-1.01045517687	0.418646519128
GCACTGCTACCAACTA	-0.420990932115	1.1698722146	96.7283454009	-0.420990932115	-14.1542287226	1.1698722146	-0.359860612862	0.753398605787
GCACTGCTACGATAGC	0.661176785601	0.362437056992	43.9259855189	0.661176785601	-15.223483302	0.362437056992	1.82425271601	0.209672576544
GCACTGCTCCTATTTA	-0.679997222496	0.338025841193	40.0375435774	-0.679997222496	-14.8391840012	0.338025841193	-2.01167230321	0.181924248001
GCACTGCTCGAGATAT	0.56324128994	0.682969268819	82.032716546	0.56324128994	-15.3233634356	0.682969268819	0.82469492502	0.496248835706
GCACTGCTCTCCTCGC	-0.0481947627438	0.396333409949	49.423437919	-0.0481947627438	-14.8124577979	0.396333409949	-0.121601564577	0.914330822127
GCACTGCTGTAAGAAT	1.06186839311	0.970632178049	93.4835076428	1.06186839311	-15.3765906827	0.970632178049	1.09399669322	0.388133998579
GCACTGCTTACGGATA	0.906850540273	0.889454562903	91.6599624564	0.906850540273	-14.8250548953	0.889454562903	1.01955802814	0.415195135102
GCAGACAGACCAACTA	0.164765219704	0.443826285956	56.2885492089	0.164765219704	-15.261999848	0.443826285956	0.371238083272	0.746097377861
GCAGAGCTACCAACTA	-0.541380947769	0.296174513902	33.5478680611	-0.541380947769	-13.3209863101	0.296174513902	-1.82791199903	0.209078590378
GCAGAGCTACGATAGC	0.419693122392	0.476697383472	60.5256100831	0.419693122392	-13.7091391288	0.476697383472	0.880418347033	0.4714976629
GCAGAGCTCAGATAAA	0.938490977109	0.407598098516	50.9788146956	0.938490977109	-14.7604745204	0.407598098516	2.30249105804	0.147895328544
GCAGAGCTCCACGGCA	-0.917788988949	0.725199488409	84.9021185304	-0.917788988949	-13.8316902287	0.725199488409	-1.26556761776	0.33314115863
GCAGAGCTCCTATTTA	0.0291600160087	0.177834151539	14.56154465	0.0291600160087	-14.4293201095	0.177834151539	0.163973093786	0.884825110715
GCAGAGCTCGAGATAT	0.749515561283	0.330220757457	38.4553499598	0.749515561283	-14.0034989261	0.330220757457	2.26974090622	0.151267332246
GCAGAGCTCTCCTCGC	0.611048255852	0.644883575158	79.0560471976	0.611048255852	-14.1297410141	0.644883575158	0.947532670067	0.443380229327
GCAGAGCTGTAAGAAT	0.608863497788	0.676884732499	81.3622955216	0.608863497788	-14.292669246	0.676884732499	0.899508392721	0.463313793555
GCAGAGCTTACGGATA	-0.236435507139	0.353247248334	42.6387771521	-0.236435507139	-13.7435514233	0.353247248334	-0.669320166694	0.572211469477
GCAGAGCTTGATTATA	0.196999470466	0.894863504823	91.8744971842	0.196999470466	-14.9033413188	0.894863504823	0.220144714143	0.846186616205
GCAGAGTTACCAACTA	-0.18949722155	0.377176764763	45.9104317511	-0.18949722155	-12.2216187068	0.377176764763	-0.502409584187	0.665239912626
GCAGAGTTACGATAGC	-0.0491534821843	0.322297489219	37.4363100027	-0.0491534821843	-13.7419655889	0.322297489219	-0.152509665227	0.892781036125
GCAGAGTTAGCAATCA	1.04999237388	0.450887031251	57.4148565299	1.04999237388	-14.2434851113	0.450887031251	2.32872604689	0.145268530012
GCAGAGTTCAGATAAA	-0.199717065995	0.237662183498	23.2502011263	-0.199717065995	-13.3364642274	0.237662183498	-0.840340112404	0.489168774911
GCAGAGTTCCACGGCA	0.674723511891	0.271659319199	27.6213462054	0.674723511891	-13.0259059098	0.271659319199	2.48371200325	0.130996688043
GCAGAGTTCCTATTTA	-0.0481947627438	0.396333409949	49.423437919	-0.0481947627438	-14.8124577979	0.396333409949	-0.121601564577	0.914330822127
GCAGAGTTCGAGATAT	0.684659969763	0.058035336062	1.95762939126	0.684659969763	-14.3767930065	0.058035336062	11.7972948245	0.00710861485959
GCAGAGTTCTCCTCGC	0.395147172385	0.108416011293	6.83829444891	0.395147172385	-12.7917153114	0.108416011293	3.64473077059	0.0677206763817
GCAGAGTTGTAAGAAT	0.407927715125	0.609304875964	75.9989273264	0.407927715125	-13.6841107631	0.609304875964	0.669496882787	0.572119199525
GCAGAGTTTAAACAAC	-0.248757307015	0.673771626	80.933226066	-0.248757307015	-14.6980102297	0.673771626	-0.369201221031	0.747401342212
GCAGAGTTTACGGATA	0.0233511861077	0.187103594092	15.687851971	0.0233511861077	-12.3216129229	0.187103594092	0.124803514444	0.912092235742
GCAGAGTTTATACTTA	-0.704530740294	1.50252612782	98.7932421561	-0.704530740294	-14.1978870876	1.50252612782	-0.468897496854	0.685287026848
GCAGAGTTTGATTATA	-0.216495473035	0.0216769769677	0.268168409761	-0.216495473035	-12.9456176782	0.0216769769677	-9.98734617643	0.0098770697796
GCAGCGCTACCAACTA	0.146773828469	0.157153848466	11.7994100295	0.146773828469	-13.3343457999	0.157153848466	0.933949947149	0.448923949126
GCAGCGCTACGATAGC	0.548490951015	0.536041861104	68.1147760794	0.548490951015	-13.2784412059	0.536041861104	1.02322410023	0.413814029377
GCAGCGCTAGCAATCA	-0.210166978218	0.086358431572	4.42477876106	-0.210166978218	-15.3832290908	0.086358431572	-2.43365904629	0.135384079429
GCAGCGCTCAGATAAA	1.03112717475	0.815719306036	89.2196299276	1.03112717475	-14.6704804276	0.815719306036	1.26407106847	0.333579395891
GCAGCGCTCCACGGCA	0.151873802328	0.336351625055	39.367122553	0.151873802328	-13.8566216381	0.336351625055	0.451532833542	0.695844848327
GCAGCGCTCCTATTTA	-0.137193934621	0.733745184248	85.3043711451	-0.137193934621	-14.1108100567	0.733745184248	-0.1869776287	0.868927482329
GCAGCGCTCGAGATAT	0.192279322239	0.33249387494	38.6430678466	0.192279322239	-13.2382466664	0.33249387494	0.578294328801	0.621505970845
GCAGCGCTCTCCTCGC	2.62744035194	0.58302954141	73.5049611156	2.62744035194	-13.8942115728	0.58302954141	4.50653039911	0.0458777099015
GCAGCGCTGTAAGAAT	0.523803907537	0.182310723698	14.9637972647	0.523803907537	-13.6862446954	0.182310723698	2.87313821651	0.102797835796
GCAGCGCTTAAACAAC	0.755244290181	0.233710233496	22.418879056	0.755244290181	-15.8280952561	0.233710233496	3.23154137875	0.0838857903038
GCAGCGCTTACGGATA	-0.164820271767	0.354199717338	42.692410834	-0.164820271767	-13.3009687732	0.354199717338	-0.465331460471	0.68744584345
GCAGGGCTACCAACTA	-0.691901096278	0.188454223144	15.8487530169	-0.691901096278	-12.7191107369	0.188454223144	-3.6714544505	0.0668346826063
GCAGGGCTACGATAGC	0.514430273537	0.141429922846	9.94904800215	0.514430273537	-12.9621833657	0.141429922846	3.63735101586	0.0679683394325
GCAGGGCTAGCAATCA	0.701669663482	0.379026889202	46.4199517297	0.701669663482	-15.5289463292	0.379026889202	1.85123980243	0.205343911691
GCAGGGCTCAGATAAA	-0.107332069185	0.262105007264	26.5218557254	-0.107332069185	-13.5787578271	0.262105007264	-0.409500262147	0.721865059319
GCAGGGCTCCACGGCA	0.292399901235	0.131594018286	8.82274068115	0.292399901235	-13.7390150281	0.131594018286	2.22198474552	0.156376909818
GCAGGGCTCCTATTTA	-0.249586974355	0.635593596021	78.1979082864	-0.249586974355	-13.6872823994	0.635593596021	-0.392683274214	0.732453436396
GCAGGGCTCGAGATAT	0.776478384137	0.267647406682	27.1386430678	0.776478384137	-13.1966264935	0.267647406682	2.90112425808	0.101113281472
GCAGGGCTCTCCTCGC	0.629577952553	0.466832374969	59.2384017163	0.629577952553	-13.2446672921	0.466832374969	1.34861673335	0.309876274315
GCAGGGCTGTAAGAAT	0.310689163545	0.344552550287	40.8956824886	0.310689163545	-13.3221396085	0.344552550287	0.901717788148	0.462376257167
GCAGGGCTTAAACAAC	0.463515213411	0.641467921287	78.8415124698	0.463515213411	-15.4963576118	0.641467921287	0.722585180068	0.545006311067
GCAGGGCTTACGGATA	-0.218510690619	0.100106363365	5.76562080987	-0.218510690619	-13.1511906172	0.100106363365	-2.18278522238	0.160749697005
GCAGGGCTTGATTATA	-0.599348414785	0.538516541666	68.543845535	-0.599348414785	-13.9160275441	0.538516541666	-1.11296193972	0.381562228855
GCAGTACTACCAACTA	-0.512373005008	0.115954086018	7.48189863234	-0.512373005008	-13.1035396586	0.115954086018	-4.41875765316	0.0475890621095
GCAGTACTACGATAGC	0.655940353184	0.664016980978	80.3164387235	0.655940353184	-13.8504850346	0.664016980978	0.987836714985	0.427359930084
GCAGTACTCAGATAAA	-0.00885177724318	1.13678445382	96.2456422633	-0.00885177724318	-13.9361475704	1.13678445382	-0.00778668041547	0.994494068934
GCAGTACTCCACGGCA	0.260355253301	0.169083639072	13.3279699651	0.260355253301	-14.1966999296	0.169083639072	1.53980157235	0.2634963426
GCAGTACTCCTATTTA	-0.185414784342	0.7167403226	84.312148029	-0.185414784342	-13.8871882464	0.7167403226	-0.258691716505	0.820062972754
GCAGTACTCGAGATAT	0.258187943298	0.854668267083	90.2923035666	0.258187943298	-13.4353688112	0.854668267083	0.302091411653	0.79110192202
GCAGTACTCTCCTCGC	0.57754465474	0.243565993519	24.5374094932	0.57754465474	-13.6203188509	0.243565993519	2.37120398622	0.141150408508
GCAGTACTGTAAGAAT	0.72032018512	0.0103030022502	0.107267363905	0.72032018512	-14.1526204729	0.0103030022502	69.9136200913	0.00020452347753
GCAGTACTTACGGATA	-0.541134296409	0.555221143966	70.3673907214	-0.541134296409	-13.6176230987	0.555221143966	-0.974628402196	0.432539837802
GCAGTCCTACCAACTA	-0.848452166273	0.415372766703	52.2660230625	-0.848452166273	-13.7465024903	0.415372766703	-2.04262829508	0.177824061831
GCAGTCCTACGATAGC	0.833447893834	0.329042802592	38.3212657549	0.833447893834	-14.0917974109	0.329042802592	2.53294673906	0.126872112113
GCAGTCCTCAGATAAA	0.567038272227	0.254445292388	25.6905336551	0.567038272227	-15.1070401876	0.254445292388	2.22852726771	0.155663016201
GCAGTCCTCCACGGCA	-0.406735018752	0.379142941728	46.5004022526	-0.406735018752	-14.2923296722	0.379142941728	-1.07277486665	0.395640981192
GCAGTCCTCGAGATAT	1.0601427254	0.551096964693	69.5360686511	1.0601427254	-14.7935416931	0.551096964693	1.92369545347	0.194295342003
GCAGTCCTCTCCTCGC	1.63280774065	0.17400622198	13.8911236256	1.63280774065	-15.1725446499	0.17400622198	9.38361698833	0.0111670131348
GCAGTCCTGTAAGAAT	1.02775535859	0.404321578343	50.522928399	1.02775535859	-14.813939258	0.404321578343	2.54192557023	0.126139545653
GCAGTCCTTACGGATA	-0.518783341344	0.988719581367	94.2611960311	-0.518783341344	-14.2567590827	0.988719581367	-0.524702201839	0.652149709988
GCAGTCTACCACGGCA	0.755244290181	0.233710233496	22.418879056	0.755244290181	-15.8280952561	0.233710233496	3.23154137875	0.0838857903038
GCAGTGATACCAACTA	0.0526365417134	0.774979489936	87.1547331724	0.0526365417134	-14.6021752868	0.774979489936	0.0679199158132	0.952028659413
GCAGTGATACGATAGC	0.214067410392	0.317242189504	36.7122552963	0.214067410392	-14.549530006	0.317242189504	0.674775983378	0.569368957023
GCAGTGATCCTATTTA	-0.56408778056	0.56108892262	71.4936980424	-0.56408778056	-14.743469177	0.56108892262	-1.00534471065	0.420598041695
GCAGTGATCGAGATAT	0.669182492516	0.420607363214	52.855993564	0.669182492516	-14.237050592	0.420607363214	1.59099091229	0.252590545581
GCAGTGATCTCCTCGC	-4.06485813886	5.10052855354	100.0	-4.06485813886	-9.33035938689	5.10052855354	-0.796948413521	0.509058829612
GCAGTGATGTAAGAAT	-0.0277196758476	0.27857524303	30.2762134621	-0.0277196758476	-14.2146358537	0.27857524303	-0.0995051661665	0.929812743631
GCAGTGCAACCAACTA	-1.23746084421	0.371172265894	45.2668275677	-1.23746084421	-13.5761003899	0.371172265894	-3.33392593658	0.0794004225582
GCAGTGCAACGATAGC	-0.16413091398	0.522584188767	66.8275677125	-0.16413091398	-14.0201271966	0.522584188767	-0.314075545161	0.783197247132
GCAGTGCACAGATAAA	0.0955855793301	0.164853454429	12.8720836685	0.0955855793301	-14.6210465562	0.164853454429	0.579821512755	0.62065010625
GCAGTGCACCACGGCA	0.292295523331	0.174390658175	14.0520246715	0.292295523331	-15.058530232	0.174390658175	1.67609622207	0.235710173993
GCAGTGCACCTATTTA	0.181012479024	0.369855297399	45.0254759989	0.181012479024	-14.9123750774	0.369855297399	0.489414320403	0.672961726176
GCAGTGCACGAGATAT	0.545691292297	0.335673262933	39.1525878252	0.545691292297	-14.2554955195	0.335673262933	1.62566207248	0.245531081158
GCAGTGCACTCCTCGC	0.181012479024	0.369855297399	45.0254759989	0.181012479024	-14.9123750774	0.369855297399	0.489414320403	0.672961726176
GCAGTGCAGTAAGAAT	0.0414573694812	0.434951892769	54.6259050684	0.0414573694812	-14.3086763912	0.434951892769	0.0953148386531	0.93275478751
GCAGTGCATACGGATA	-0.563885837135	0.370759957416	45.2400107267	-0.563885837135	-14.2858622716	0.370759957416	-1.5208919568	0.267676487832
GCAGTGCCACCAACTA	-0.177292536815	0.164235226772	12.6575489407	-0.177292536815	-12.8733550704	0.164235226772	-1.07950371123	0.393243046651
GCAGTGCCACGATAGC	0.278717978822	0.217730427392	19.5494770716	0.278717978822	-12.7634945057	0.217730427392	1.28010578108	0.328919722492
GCAGTGCCCAGATAAA	0.11168940983	0.237599029342	23.1965674444	0.11168940983	-13.8454219022	0.237599029342	0.470075194075	0.684575138823
GCAGTGCCCCACGGCA	-0.736073385108	1.1499595293	96.4601769912	-0.736073385108	-13.2005674122	1.1499595293	-0.640086339001	0.587659378247
GCAGTGCCCCTATTTA	0.733789423637	1.49015601259	98.6859747922	0.733789423637	-13.6266186275	1.49015601259	0.492424563225	0.671167124425
GCAGTGCCCGAGATAT	0.60020108881	0.193041585577	16.3314561545	0.60020108881	-13.2408957993	0.193041585577	3.10918026817	0.0897383041704
GCAGTGCCCTCCTCGC	1.12154169673	0.173159008294	13.7302225798	1.12154169673	-14.0149453897	0.173159008294	6.47694686972	0.0230175982153
GCAGTGCCGTAAGAAT	0.711595326388	0.184691027442	15.3928667203	0.711595326388	-13.7829672965	0.184691027442	3.85289602989	0.0612406847013
GCAGTGCCTAAACAAC	-0.573303127743	0.224607828355	20.7830517565	-0.573303127743	-15.1078840978	0.224607828355	-2.55246280568	0.125287357654
GCAGTGCCTACGGATA	-0.61784548447	0.361269359246	43.5505497452	-0.61784548447	-13.137922967	0.361269359246	-1.71020726961	0.229355547561
GCAGTGCCTGATTATA	-0.876458472229	0.840354078838	89.943684634	-0.876458472229	-14.1676756888	0.840354078838	-1.0429633107	0.406464928861
GCAGTGCGACCAACTA	-0.372789700179	0.22125706626	19.8444623223	-0.372789700179	-12.3929859253	0.22125706626	-1.6848713873	0.234053746109
GCAGTGCGACGATAGC	0.373708391644	0.131340256149	8.7691069992	0.373708391644	-12.5605614773	0.131340256149	2.84534538459	0.104510438885
GCAGTGCGAGCAATCA	-0.335720322964	0.49270016377	63.6363636364	-0.335720322964	-15.1728864815	0.49270016377	-0.681388697733	0.565940796502
GCAGTGCGCAGATAAA	-0.0283449683055	0.0959339617629	5.25610083132	-0.0283449683055	-13.0861866827	0.0959339617629	-0.295463335243	0.795491526606
GCAGTGCGCCACGGCA	0.00784291354806	0.550406926302	69.4824349692	0.00784291354806	-13.3251311806	0.550406926302	0.0142493002418	0.989924734586
GCAGTGCGCCTATTTA	-0.631904943854	0.367224962131	44.4623223384	-0.631904943854	-13.5155244778	0.367224962131	-1.72075705362	0.227435526443
GCAGTGCGCGAGATAT	0.321601028639	0.128824239843	8.50093858943	0.321601028639	-12.6543620499	0.128824239843	2.49643257379	0.129913304479
GCAGTGCGCTCCTCGC	0.388881196039	0.164171317926	12.6307320998	0.388881196039	-12.8200715316	0.164171317926	2.36875235548	0.141383661187
GCAGTGCGGTAAGAAT	0.624038568006	0.359075658126	43.1751139716	0.624038568006	-13.1569015072	0.359075658126	1.7379027341	0.22435968229
GCAGTGCGTACGGATA	-0.597375593265	0.0760225297996	3.19120407616	-0.597375593265	-12.7547203693	0.0760225297996	-7.85787574867	0.0158122199644
GCAGTGCGTATACTTA	0.619155256511	0.895190109855	91.9013140252	0.619155256511	-15.2263698416	0.895190109855	0.691646667781	0.56065997619
GCAGTGCGTGATTATA	-0.292261189176	0.349984170744	42.2633413784	-0.292261189176	-14.1470823587	0.349984170744	-0.835069736311	0.491542356368
GCAGTGCTAACAACTA	-1.12295572792	0.748589221546	86.1088763744	-1.12295572792	-13.7171578488	0.748589221546	-1.50009604146	0.272371202734
GCAGTGCTAACCAACT	0.231935419136	0.275275392202	29.8739608474	0.231935419136	-15.7184495905	0.275275392202	0.84255776472	0.488173502976
GCAGTGCTAACGATAG	-0.265339235346	0.340327382299	40.493429874	-0.265339235346	-14.0306646668	0.340327382299	-0.779658790762	0.517206080848
GCAGTGCTAACGGATA	0.276250936374	0.746788076613	85.9747921695	0.276250936374	-14.2398690402	0.746788076613	0.369918782885	0.746941813936
GCAGTGCTAAGATAAA	0.478487254776	1.01879619793	94.7170823277	0.478487254776	-14.6407770762	1.01879619793	0.469659442925	0.684826389087
GCAGTGCTAAGATAGC	2.94266683411	4.88936479351	99.973183159	2.94266683411	-12.7110981507	4.88936479351	0.601850538544	0.608413141904
GCAGTGCTACAAACTA	-0.280518345663	0.107613314988	6.70421024403	-0.280518345663	-13.8998410236	0.107613314988	-2.60672525231	0.12102417851
GCAGTGCTACAATAGC	0.0550071493961	0.286520068253	31.7243228748	0.0550071493961	-13.2254213477	0.286520068253	0.191983583319	0.865480963121
GCAGTGCTACACGGCA	0.593864679442	0.402659996938	50.3083936712	0.593864679442	-14.3733892717	0.402659996938	1.47485393125	0.278210310361
GCAGTGCTACCAAATA	-1.1564305693	0.445853362017	56.5835344596	-1.1564305693	-13.9017483917	0.445853362017	-2.59374643732	0.122025147591
GCAGTGCTACCAACAA	0.0110028279967	0.722093776259	84.6875838026	0.0110028279967	-14.1293106255	0.722093776259	0.0152373948626	0.98922616011
GCAGTGCTACCAACCA	-0.659687568292	0.29518534259	33.3869670153	-0.659687568292	-12.5205038416	0.29518534259	-2.23482494931	0.154980059687
GCAGTGCTACCAACTA	-0.350892237978	0.0982799601093	5.41700187718	-0.350892237978	-3.84801340463	0.0982799601093	-3.57033354091	0.0702786517494
GCAGTGCTACCAACTC	-0.614204119523	0.109060788907	6.86511128989	-0.614204119523	-12.3506876558	0.109060788907	-5.63175936719	0.0301122550872
GCAGTGCTACCAACTG	-0.494680397166	0.178223551626	14.588361491	-0.494680397166	-13.0750400017	0.178223551626	-2.7756174347	0.108989040258
GCAGTGCTACCAACTT	-0.79048512639	0.285252854341	31.4025207831	-0.79048512639	-13.2210906985	0.285252854341	-2.77117341461	0.109283621374
GCAGTGCTACCAAGTA	0.643728969484	0.397629238553	49.7988736927	0.643728969484	-14.9195137918	0.397629238553	1.61891759225	0.246884248003
GCAGTGCTACCAATTA	-0.442027734048	0.526618812291	67.3370876911	-0.442027734048	-14.4127475442	0.526618812291	-0.839369433321	0.489605058654
GCAGTGCTACCAGCTA	-0.109354556082	0.796563872941	88.763743631	-0.109354556082	-13.2790985023	0.796563872941	-0.137282846734	0.903380537309
GCAGTGCTACCATAGC	0.423665873991	0.402208445166	50.2815768302	0.423665873991	-13.3423238098	0.402208445166	1.05334902606	0.402656787991
GCAGTGCTACCATCTA	-0.313325120417	0.171562240589	13.5693215339	-0.313325120417	-13.143023116	0.171562240589	-1.82630583129	0.20933903368
GCAGTGCTACCCACTA	-0.0305658447966	0.262298733385	26.5754894073	-0.0305658447966	-14.6211269393	0.262298733385	-0.11653066106	0.917878697126
GCAGTGCTACCGACTA	-0.831246293053	0.303444371591	34.9155269509	-0.831246293053	-12.690108056	0.303444371591	-2.73936962052	0.111425005738
GCAGTGCTACCTACTA	-0.657504738454	0.239190653563	23.4647358541	-0.657504738454	-13.4937592882	0.239190653563	-2.74887303771	0.110778967597
GCAGTGCTACGAAAGC	0.222182254393	0.0587497672212	1.98444623223	0.222182254393	-13.4898666751	0.0587497672212	3.78184059107	0.063347416674
GCAGTGCTACGAACTA	1.23443615795	0.417535640391	52.5878251542	1.23443615795	-14.9797172633	0.417535640391	2.9564809289	0.0978948092931
GCAGTGCTACGACAGC	0.138281079039	0.406218385292	50.6570126039	0.138281079039	-13.1396163614	0.406218385292	0.340410685596	0.765977440171
GCAGTGCTACGATAAC	-1.0352174178	0.33802808971	40.0911772593	-1.0352174178	-13.0245023623	0.33802808971	-3.06251891282	0.0921244733166
GCAGTGCTACGATACC	0.694975892535	0.0676727878773	2.54759989273	0.694975892535	-13.2060481281	0.0676727878773	10.2696506873	0.0093489942812
GCAGTGCTACGATAGA	-0.375005382527	0.361334299927	43.6041834272	-0.375005382527	-13.6066443669	0.361334299927	-1.03783499824	0.40836017188
GCAGTGCTACGATAGC	0.350298378506	0.0439682618107	1.20675784393	0.350298378506	-3.90669861146	0.0439682618107	7.96707361355	0.0153916282333
GCAGTGCTACGATAGG	0.37689056864	0.446096697406	56.6103513006	0.37689056864	-13.9482164848	0.446096697406	0.844862943015	0.48714112974
GCAGTGCTACGATAGT	0.302428105112	0.0952908318002	5.09519978547	0.302428105112	-13.2614009326	0.0952908318002	3.17373769752	0.086580187698
GCAGTGCTACGATATC	0.981469776944	0.934265645868	93.0008045052	0.981469776944	-14.6811348374	0.934265645868	1.0505253846	0.403688165233
GCAGTGCTACGATCGC	0.49944919065	0.314029001366	36.2831858407	0.49944919065	-13.6427648157	0.314029001366	1.59045562186	0.252701568996
GCAGTGCTACGATGGC	0.148908912486	0.229462189861	21.4534727809	0.148908912486	-13.1058570501	0.229462189861	0.64894749142	0.582938358594
GCAGTGCTACGATTGC	0.0478630874511	0.56099514894	71.3864306785	0.0478630874511	-14.188742846	0.56099514894	0.0853181841973	0.93978042134
GCAGTGCTACGCTAGC	-0.0314379097123	0.211268812475	18.9326897291	-0.0314379097123	-13.8701248979	0.211268812475	-0.148805255939	0.895356480362
GCAGTGCTACGGTAGC	0.145659359596	0.0681991700005	2.62805041566	0.145659359596	-13.6735745182	0.0681991700005	2.1357937288	0.166215265492
GCAGTGCTACGTAAGA	-0.0404709635536	0.778932924726	87.7178868329	-0.0404709635536	-15.3837788856	0.778932924726	-0.0519569301398	0.963285671803
GCAGTGCTACGTTAGC	0.472382957918	0.321316467117	37.1949584339	0.472382957918	-13.4633994137	0.321316467117	1.4701486113	0.279316137941
GCAGTGCTACTAACTA	-0.900941965324	0.430335275799	54.1968356128	-0.900941965324	-13.2363166061	0.430335275799	-2.093581484	0.171343372368
GCAGTGCTACTATAGC	1.04214338184	3.05080070346	99.8659157951	1.04214338184	-12.4056512874	3.05080070346	0.341596676785	0.765206979171
GCAGTGCTACTATTTA	0.222157589676	0.463271249797	58.8093322607	0.222157589676	-14.8403616187	0.463271249797	0.479541067514	0.678872643107
GCAGTGCTAGAGATAT	-0.134987188221	0.402753401305	50.3352105122	-0.134987188221	-13.597662259	0.402753401305	-0.335160889476	0.769393172749
GCAGTGCTAGATTATA	-0.865652884623	1.51486364846	98.873692679	-0.865652884623	-14.3382288027	1.51486364846	-0.57143947279	0.625359531443
GCAGTGCTAGCAACCA	-0.152368613101	0.995510035371	94.368463395	-0.152368613101	-14.8326826104	0.995510035371	-0.153055828357	0.892401504265
GCAGTGCTAGCAACTA	-0.260453973298	0.502303230816	64.3067846608	-0.260453973298	-14.391450142	0.502303230816	-0.518519406842	0.655760312413
GCAGTGCTAGCAATCA	0.219224393888	0.150989692591	11.1558058461	0.219224393888	-6.91693198483	0.150989692591	1.4519162873	0.28365350508
GCAGTGCTAGCGATCA	0.231935424889	0.275275390577	28.9621882542	0.231935424889	-15.2076239716	0.275275390577	0.842557790592	0.488173491377
GCAGTGCTAGGATAGC	-0.211660207653	0.292754617433	32.9310807187	-0.211660207653	-14.6075637499	0.292754617433	-0.722995283588	0.544801574266
GCAGTGCTAGTAAGAA	0.157759506183	0.483928219577	61.9737194958	0.157759506183	-14.8935464444	0.483928219577	0.325997740576	0.775375510894
GCAGTGCTAGTAAGAT	0.231935419136	0.275275392202	29.8739608474	0.231935419136	-15.7184495905	0.275275392202	0.84255776472	0.488173502976
GCAGTGCTATAAGAAT	0.463638635586	0.132545495775	8.93000804505	0.463638635586	-14.0178138406	0.132545495775	3.49795843966	0.0729033121021
GCAGTGCTATCAACTA	-0.289275808935	0.386279330192	47.6803432556	-0.289275808935	-13.7491088758	0.386279330192	-0.748877266592	0.532026391778
GCAGTGCTATCCTCGC	0.651010718387	0.570827036814	72.4859211585	0.651010718387	-14.6434567147	0.570827036814	1.14046931277	0.372256052084
GCAGTGCTATGATAGC	0.223134526521	0.28585761318	31.5366049879	0.223134526521	-13.2151727796	0.28585761318	0.780579268254	0.51676912706
GCAGTGCTCAAATAAA	0.0168989454156	0.361384630901	43.6578171091	0.0168989454156	-14.574782055	0.361384630901	0.0467616604875	0.966952573647
GCAGTGCTCAACGGCA	0.350508408139	0.481159258725	61.3301153124	0.350508408139	-15.227202231	0.481159258725	0.728466514534	0.542077064746
GCAGTGCTCAAGATAT	0.748248436806	0.09981166736	5.71198712792	0.748248436806	-13.3226372791	0.09981166736	7.49660291824	0.0173326193307
GCAGTGCTCACATAAA	-0.381197054282	0.134617003262	9.22499329579	-0.381197054282	-13.6239458376	0.134617003262	-2.83171549689	0.105365123902
GCAGTGCTCACCAACT	0.45525987147	0.438310900122	55.108608206	0.45525987147	-15.2997827181	0.438310900122	1.03866883379	0.408051345445
GCAGTGCTCACCTCGC	1.01904196674	0.615808703795	76.5352641459	1.01904196674	-14.3029142149	0.615808703795	1.65480279909	0.239793364137
GCAGTGCTCACGGATA	-1.09553136808	0.296564376453	33.655135425	-1.09553136808	-12.3646353101	0.296564376453	-3.69407607612	0.0660977464411
GCAGTGCTCAGAAAAA	0.338810610463	0.55291093933	69.8042370609	0.338810610463	-14.5168647119	0.55291093933	0.612776102556	0.602419751616
GCAGTGCTCAGACAAA	0.153579794084	0.486948110112	62.4832394744	0.153579794084	-13.9801879609	0.486948110112	0.315392525189	0.78233113795
GCAGTGCTCAGATAAA	0.418523699078	0.0794167642919	3.35210512202	0.418523699078	-4.74182697773	0.0794167642919	5.2699666476	0.0341718454909
GCAGTGCTCAGATAAC	0.142796275264	0.151754172433	11.209439528	0.142796275264	-13.2418774672	0.151754172433	0.940970999179	0.446049145641
GCAGTGCTCAGATAAG	0.362931337798	0.188880152279	15.8755698579	0.362931337798	-14.2439618878	0.188880152279	1.92149007409	0.194619768959
GCAGTGCTCAGATAAT	0.209182369306	0.668920272036	80.5846071333	0.209182369306	-14.2781654948	0.668920272036	0.31271644477	0.784091593771
GCAGTGCTCAGATACA	0.759948872521	0.442056015172	55.6985787074	0.759948872521	-14.2506932045	0.442056015172	1.71912347404	0.227731453729
GCAGTGCTCAGATAGA	1.17779580322	0.505768873228	64.9235720032	1.17779580322	-14.2691454229	0.505768873228	2.32872338644	0.145268793112
GCAGTGCTCAGATATA	1.13951756854	0.17605836695	14.2933762403	1.13951756854	-14.7771525319	0.17605836695	6.47238519973	0.0230489412594
GCAGTGCTCAGATCAA	0.523456576387	0.432980068154	54.4650040225	0.523456576387	-14.4466985088	0.432980068154	1.20896229385	0.350207113115
GCAGTGCTCAGATGAA	0.250037494864	0.492388771804	63.2341110217	0.250037494864	-13.3214229172	0.492388771804	0.507805029648	0.662053524721
GCAGTGCTCAGCTAAA	-0.297074585259	1.17471415233	96.8624296058	-0.297074585259	-15.0685230017	1.17471415233	-0.252890956213	0.823971370006
GCAGTGCTCAGGTAAA	0.784846812557	0.382564648523	47.0903727541	0.784846812557	-14.3372372174	0.382564648523	2.05154034903	0.17666684387
GCAGTGCTCAGTTAAA	0.115202820077	0.503661751976	64.4945025476	0.115202820077	-14.2135815418	0.503661751976	0.228730531205	0.840337896046
GCAGTGCTCATACTTA	0.202445050764	1.13453471721	96.1383748994	0.202445050764	-14.6676244538	1.13453471721	0.178438832848	0.874817224477
GCAGTGCTCATATAAA	0.0851563708848	0.876650685279	91.043175114	0.0851563708848	-14.7308861553	0.876650685279	0.0971383155398	0.931474297757
GCAGTGCTCATATTTA	-0.0110905149308	0.504814172356	64.7090372754	-0.0110905149308	-14.5861594846	0.504814172356	-0.0219694999429	0.984467091772
GCAGTGCTCCAAGGCA	-1.11847251048	0.291100369103	32.582461786	-1.11847251048	-14.613777764	0.291100369103	-3.84222292101	0.0615505794879
GCAGTGCTCCAATTTA	-0.0379878758471	0.612409286688	76.2939125771	-0.0379878758471	-14.418468332	0.612409286688	-0.0620302086739	0.956180150475
GCAGTGCTCCACAGCA	-0.303775379499	0.737231600316	85.4920890319	-0.303775379499	-13.6257829422	0.737231600316	-0.412048777303	0.720269153815
GCAGTGCTCCACGACA	-0.596237441374	0.30813794614	35.5859479753	-0.596237441374	-12.2706011864	0.30813794614	-1.93496922025	0.192648153982
GCAGTGCTCCACGCCA	-0.933929549084	0.0855916447	3.75435773666	-0.933929549084	-13.3383387871	0.0855916447	-10.9114569811	0.00829477568239
GCAGTGCTCCACGGAA	0.231935419136	0.275275392202	29.8739608474	0.231935419136	-15.7184495905	0.275275392202	0.84255776472	0.488173502976
GCAGTGCTCCACGGCA	-0.16223584258	0.105760588074	6.38240815232	-0.16223584258	-4.64861881265	0.105760588074	-1.5339914947	0.264771831102
GCAGTGCTCCACGGCC	0.124580734027	0.358474740567	43.1214802896	0.124580734027	-13.4119937826	0.358474740567	0.347530020749	0.761359136351
GCAGTGCTCCACGGCG	0.0295430751897	0.227430468525	21.0780370072	0.0295430751897	-14.0540735296	0.227430468525	0.12989937268	0.908532315199
GCAGTGCTCCACGGCT	0.436686851213	0.386826365789	47.8412443014	0.436686851213	-14.0930847706	0.386826365789	1.12889629517	0.376139156623
GCAGTGCTCCACGGGA	0.142141100464	0.449549430017	57.1198712792	0.142141100464	-14.3626902396	0.449549430017	0.31618569833	0.781809757133
GCAGTGCTCCACGGTA	-0.105018417283	0.759028002527	86.564762671	-0.105018417283	-14.0905202809	0.759028002527	-0.138359081527	0.902630238509
GCAGTGCTCCACGTCA	-0.35876121365	1.12960763352	96.0847412175	-0.35876121365	-14.2725621185	1.12960763352	-0.317598078311	0.780881812324
GCAGTGCTCCACTGCA	-0.0809586324929	0.126011275841	8.34003754358	-0.0809586324929	-14.547511669	0.126011275841	-0.642471334032	0.58638541415
GCAGTGCTCCAGATAT	0.339601133884	0.497716075604	63.9581657281	0.339601133884	-12.8130675418	0.497716075604	0.682318997779	0.56546001521
GCAGTGCTCCATGGCA	-0.287952368454	0.338129680449	40.1179941003	-0.287952368454	-13.669659426	0.338129680449	-0.851603349553	0.484135171716
GCAGTGCTCCCAACTA	-0.105147408831	0.130069979885	8.60820595334	-0.105147408831	-12.9278740832	0.130069979885	-0.808391059371	0.503736568254
GCAGTGCTCCCACGGC	-0.60066246007	0.619277631165	76.9106999195	-0.60066246007	-14.373307189	0.619277631165	-0.969940507845	0.434394673958
GCAGTGCTCCCATTTA	-0.267320620395	0.643319477525	79.0024135157	-0.267320620395	-13.8778648646	0.643319477525	-0.415533229964	0.71809090375
GCAGTGCTCCCCCCCC	0.856792757875	1.75176906777	99.2759452936	0.856792757875	-11.3455467773	1.75176906777	0.489101431027	0.673148463476
GCAGTGCTCCCCGGCA	-0.748549075969	0.168642938151	13.2743362832	-0.748549075969	-13.8740483237	0.168642938151	-4.43866244373	0.0471928713879
GCAGTGCTCCCCTCGC	0.35146086413	0.110753556275	6.99919549477	0.35146086413	-12.6692895709	0.110753556275	3.17335962789	0.0865982164108
GCAGTGCTCCGATAAA	0.844428654054	0.111122484844	7.05282917672	0.844428654054	-13.897506915	0.111122484844	7.5990800173	0.0168799843195
GCAGTGCTCCGATAGC	0.451649975247	0.396719440425	49.6379726468	0.451649975247	-12.9789319009	0.396719440425	1.13846191849	0.372926262754
GCAGTGCTCCGCGGCA	0.229422031525	0.407082586594	50.8715473317	0.229422031525	-14.2405584064	0.407082586594	0.563576136832	0.629804050724
GCAGTGCTCCTAATTA	-0.667300407009	1.80715721346	99.4100294985	-0.667300407009	-14.2104586738	1.80715721346	-0.369254208788	0.74736740288
GCAGTGCTCCTACTTA	-0.735635546081	0.343256651887	40.7884151247	-0.735635546081	-14.5615174596	0.343256651887	-2.14310645412	0.165348215468
GCAGTGCTCCTATATA	-0.63692661919	1.48455207255	98.6323411102	-0.63692661919	-14.1302796056	1.48455207255	-0.42903622646	0.709691013054
GCAGTGCTCCTATCTA	0.572215132951	0.237912613225	23.3306516492	0.572215132951	-14.4201883965	0.237912613225	2.40514836601	0.137975016342
GCAGTGCTCCTATTCA	0.676412535799	0.397601003068	49.7720568517	0.676412535799	-13.8608578527	0.397601003068	1.70123448024	0.23100524949
GCAGTGCTCCTATTTA	0.269147335189	0.115252782852	7.42826495039	0.269147335189	-5.05048680675	0.115252782852	2.33527840742	0.144622542944
GCAGTGCTCCTATTTC	0.539708540421	0.433485067479	54.5454545455	0.539708540421	-13.6760489139	0.433485067479	1.24504528739	0.339211394615
GCAGTGCTCCTATTTG	-0.645637285267	0.234699650597	22.6065969429	-0.645637285267	-14.3301493997	0.234699650597	-2.75090859157	0.110641279499
GCAGTGCTCCTATTTT	0.278492195077	0.542382684745	68.9192813087	0.278492195077	-14.1463996234	0.542382684745	0.513460703872	0.65872588407
GCAGTGCTCCTCGGCA	0.476919148888	0.228509152596	21.292571735	0.476919148888	-14.922481659	0.228509152596	2.08708991946	0.172151019941
GCAGTGCTCCTGTTTA	0.0776089376292	0.667411483128	80.4773397694	0.0776089376292	-14.3836835924	0.667411483128	0.116283491656	0.91805171098
GCAGTGCTCCTTTTTA	0.445314008663	1.14642949213	96.4333601502	0.445314008663	-14.9221316245	1.14642949213	0.388435583451	0.735143464124
GCAGTGCTCGAAATAT	0.64577006751	0.469778153934	59.4797532851	0.64577006751	-14.1830349536	0.469778153934	1.37462770906	0.303000368518
GCAGTGCTCGACATAT	0.231776084728	0.610106120054	76.0793778493	0.231776084728	-13.813547351	0.610106120054	0.37989470538	0.740571046381
GCAGTGCTCGAGAAAT	-0.197208676541	0.394217697187	49.0211853044	-0.197208676541	-14.4177658353	0.394217697187	-0.500253230507	0.666516616812
GCAGTGCTCGAGACAT	-0.0382003083488	0.265404235554	26.8436578171	-0.0382003083488	-13.0098307296	0.265404235554	-0.143932549792	0.898747369049
GCAGTGCTCGAGATAA	0.51692307275	0.30126808941	34.2987396085	0.51692307275	-13.7310589284	0.30126808941	1.71582418092	0.228330665954
GCAGTGCTCGAGATAC	0.575218219797	0.303092794074	34.781442746	0.575218219797	-12.4654725686	0.303092794074	1.89782875424	0.198146541549
GCAGTGCTCGAGATAG	0.0167451288682	0.686018526411	82.4617860016	0.0167451288682	-15.0697843238	0.686018526411	0.0244091496418	0.982742695078
GCAGTGCTCGAGATAT	0.489244794232	0.0644629943772	2.22579780102	0.489244794232	-4.07168463251	0.0644629943772	7.58954496232	0.0169213538269
GCAGTGCTCGAGATCT	0.61153000224	0.301825769415	34.3791901314	0.61153000224	-13.6870717864	0.301825769415	2.02610268641	0.179997186418
GCAGTGCTCGAGATGT	0.889636766562	0.650700433742	79.4851166533	0.889636766562	-13.8136301917	0.650700433742	1.36719866843	0.304944906751
GCAGTGCTCGAGATTT	0.206701286916	0.319457834529	36.9804237061	0.206701286916	-14.0595421287	0.319457834529	0.647037776427	0.583952979733
GCAGTGCTCGAGGTAT	1.04120993629	0.587535228939	73.8267632073	1.04120993629	-13.6814372547	0.587535228939	1.77216596556	0.21837460772
GCAGTGCTCGAGTTAT	0.577088259383	0.439618523478	55.2963260928	0.577088259383	-13.6791493705	0.439618523478	1.31270232841	0.319686941433
GCAGTGCTCGATATAT	0.368725126938	0.119221586874	7.80370072405	0.368725126938	-14.0860384552	0.119221586874	3.09277150729	0.0905672419646
GCAGTGCTCGATTATA	-0.190493410858	0.278755760603	30.4102976669	-0.190493410858	-13.5886847084	0.278755760603	-0.683370311149	0.564917140701
GCAGTGCTCGCGATAT	-0.0631378882132	0.535728601843	68.0879592384	-0.0631378882132	-13.2553116451	0.535728601843	-0.117854241861	0.916952342591
GCAGTGCTCGGATAAA	0.431565726527	0.124178729382	8.2059533387	0.431565726527	-13.8287542972	0.124178729382	3.47535949735	0.0737518619103
GCAGTGCTCGGGATAT	0.758295862326	0.200009010913	17.3236792706	0.758295862326	-13.6195724148	0.200009010913	3.79130849587	0.0630606816812
GCAGTGCTCGTAAGAA	-0.687293644496	0.499830735492	64.1458836149	-0.687293644496	-14.0356524384	0.499830735492	-1.37505278426	0.30288956839
GCAGTGCTCGTAGAAT	0.567459791818	0.309413290018	35.8272995441	0.567459791818	-14.6754391366	0.309413290018	1.83398648385	0.208097474218
GCAGTGCTCGTGATAT	0.365630510597	0.305252047906	35.1300616787	0.365630510597	-13.5800583082	0.305252047906	1.19779871456	0.353694187259
GCAGTGCTCTAAGAAT	0.509504597446	0.52034049434	66.5862161437	0.509504597446	-13.0482483261	0.52034049434	0.979175372642	0.430748975293
GCAGTGCTCTACGGAT	0.150281980668	0.25647604643	25.9855189059	0.150281980668	-14.6993954561	0.25647604643	0.585949381083	0.617225714184
GCAGTGCTCTACGGCA	0.0168240380147	0.194974442956	16.5191740413	0.0168240380147	-13.7811803995	0.194974442956	0.0862884271375	0.939098126877
GCAGTGCTCTACTCGC	0.693060445876	0.184094313091	15.3392330383	0.693060445876	-14.4484734127	0.184094313091	3.76470317979	0.0638712541358
GCAGTGCTCTAGATAT	0.617483090681	0.728630986562	84.9825690534	0.617483090681	-13.8338255779	0.728630986562	0.847456534335	0.485982245067
GCAGTGCTCTCATCGC	1.28246603186	0.159039516212	11.9066773934	1.28246603186	-14.2123905434	0.159039516212	8.06382000148	0.0150327549376
GCAGTGCTCTCCACGC	0.609608338979	0.418828536911	52.6950925181	0.609608338979	-14.3512526947	0.418828536911	1.45550812625	0.282792382777
GCAGTGCTCTCCCCGC	0.173603631298	0.412646239465	51.6224188791	0.173603631298	-13.168008034	0.412646239465	0.420708138581	0.714863927018
GCAGTGCTCTCCGCGC	-0.335720322964	0.49270016377	63.6363636364	-0.335720322964	-15.1728864815	0.49270016377	-0.681388697733	0.565940796502
GCAGTGCTCTCCTAGC	0.264030541305	0.379010234889	46.1786001609	0.264030541305	-13.6365743195	0.379010234889	0.696631692234	0.558109980552
GCAGTGCTCTCCTCAC	0.715688760111	0.255821954209	25.797801019	0.715688760111	-13.3069401269	0.255821954209	2.79760492927	0.107547947618
GCAGTGCTCTCCTCCC	1.15809845805	0.0994491226535	5.63153660499	1.15809845805	-13.7909129292	0.0994491226535	11.6451349911	0.00729355560416
GCAGTGCTCTCCTCGA	0.275867184051	0.86993992194	90.989541432	0.275867184051	-14.1843626812	0.86993992194	0.31711061545	0.781202012228
GCAGTGCTCTCCTCGC	0.702608539045	0.099673891425	5.65835344596	0.702608539045	-4.35110361785	0.099673891425	7.04907302204	0.0195371653365
GCAGTGCTCTCCTCGG	1.44093438738	0.486264453032	62.4027889515	1.44093438738	-15.1160812496	0.486264453032	2.96327312925	0.0975099783383
GCAGTGCTCTCCTCGT	0.790125144939	0.0506143529078	1.58219361759	0.790125144939	-14.3996687708	0.0506143529078	15.6106934011	0.00407842440172
GCAGTGCTCTCCTCTC	0.0719947718301	0.324328691069	37.7312952534	0.0719947718301	-14.1024773678	0.324328691069	0.22198089103	0.844934417583
GCAGTGCTCTCCTTGC	0.76708094039	0.150906808803	11.1289890051	0.76708094039	-13.6912276693	0.150906808803	5.08314334172	0.0365911294467
GCAGTGCTCTCGTCGC	1.08096540453	0.730237744822	85.0898364173	1.08096540453	-14.8015676571	0.730237744822	1.48029242832	0.276939024945
GCAGTGCTCTCTTCGC	1.28161998532	0.47459233967	60.2306248324	1.28161998532	-14.8391769738	0.47459233967	2.70046496371	0.114125899819
GCAGTGCTCTGATAAA	1.24454851697	0.416078387296	52.4269241083	1.24454851697	-14.6373379199	0.416078387296	2.99113954237	0.0959534647425
GCAGTGCTCTGCTCGC	0.394931669332	0.682925148824	81.9522660231	0.394931669332	-14.4493978304	0.682925148824	0.578294224501	0.62150602933
GCAGTGCTCTTATTTA	0.445314008663	1.14642949213	96.4333601502	0.445314008663	-14.9221316245	1.14642949213	0.388435583451	0.735143464124
GCAGTGCTCTTCTCGC	0.525678268549	1.1539642756	96.5406275141	0.525678268549	-13.9497156455	1.1539642756	0.455541197993	0.6933975971
GCAGTGCTGAAAGAAT	-0.0912541180149	0.810570903041	89.1659962456	-0.0912541180149	-14.2648969903	0.810570903041	-0.112580056442	0.920644923464
GCAGTGCTGAGATAAA	-0.85897982355	0.596364763506	74.6580852776	-0.85897982355	-13.9041362846	0.596364763506	-1.44035978669	0.286446464893
GCAGTGCTGCAAGAAT	0.456652955301	0.563715223555	71.8423169751	0.456652955301	-12.8983082164	0.563715223555	0.810077386986	0.502956900598
GCAGTGCTGCACGGCA	0.788773111101	0.558943034868	70.742826495	0.788773111101	-14.75910452	0.558943034868	1.41118694016	0.293651090181
GCAGTGCTGCAGATAA	-4.91707606428	1.64034801708	99.1150442478	-4.91707606428	-10.9042935039	1.64034801708	-2.99758100908	0.095598707278
GCAGTGCTGCCAACTA	-0.530741170593	0.425533868998	53.5264145884	-0.530741170593	-12.9150798637	0.425533868998	-1.2472360234	0.338557132475
GCAGTGCTGCCACGGC	0.782497790675	0.278859683504	30.6248323947	0.782497790675	-15.7074012874	0.278859683504	2.80606282286	0.107000779249
GCAGTGCTGCGAGATA	0.0992171285651	0.357418344522	43.0946634486	0.0992171285651	-13.8574494395	0.357418344522	0.277593833909	0.807387056624
GCAGTGCTGCGATAGC	-0.0321832664098	0.2052737969	18.0745508179	-0.0321832664098	-13.3192306565	0.2052737969	-0.156782146069	0.889813328308
GCAGTGCTGGAGATAT	0.314940967713	0.539924209449	68.5974792169	0.314940967713	-13.7175435511	0.539924209449	0.583305882939	0.618701037442
GCAGTGCTGTAAAAAT	1.45264671632	0.676338659752	81.1209439528	1.45264671632	-15.5076591671	0.676338659752	2.14780967401	0.164793826293
GCAGTGCTGTAACAAT	0.328029480983	0.55999146876	71.2255296326	0.328029480983	-14.8114021217	0.55999146876	0.585775854246	0.617322469064
GCAGTGCTGTAAGAAA	0.0996771703837	0.193018323765	16.3046393135	0.0996771703837	-13.8442893673	0.193018323765	0.516412993542	0.656993913285
GCAGTGCTGTAAGAAC	0.892562683125	0.200422646374	17.3504961116	0.892562683125	-13.0732118158	0.200422646374	4.45340234386	0.0469025877997
GCAGTGCTGTAAGAAT	0.553844049707	0.131271234508	8.74229015822	0.553844049707	-4.47159526369	0.131271234508	4.21908159683	0.0518474740717
GCAGTGCTGTAAGACT	1.55935486118	0.419206462934	52.775543041	1.55935486118	-14.4829161819	0.419206462934	3.71977772066	0.0652746752722
GCAGTGCTGTAAGAGT	0.977459454213	0.412540641001	51.5956020381	0.977459454213	-14.4713477768	0.412540641001	2.36936523839	0.14132530032
GCAGTGCTGTAAGATT	-0.0476852783284	0.783332970431	87.9324215607	-0.0476852783284	-13.956556846	0.783332970431	-0.0608748516	0.956994802793
GCAGTGCTGTAAGCAT	0.672940263856	0.0678752295015	2.57441673371	0.672940263856	-14.3036839053	0.0678752295015	9.91437183782	0.0100208181376
GCAGTGCTGTAAGGAT	0.550038650804	0.0635132918394	2.17216411907	0.550038650804	-13.6850870328	0.0635132918394	8.66021323844	0.013072578328
GCAGTGCTGTAAGTAT	0.0253278051823	0.19469253739	16.4655403593	0.0253278051823	-14.021587318	0.19469253739	0.13009129945	0.908398304524
GCAGTGCTGTAATAAT	0.0545256745729	0.242850258889	24.4837758112	0.0545256745729	-14.9480487794	0.242850258889	0.224523847832	0.843201458265
GCAGTGCTGTACCGGC	-1.48694597451	0.550917575694	69.5092518101	-1.48694597451	-6.4310031491	0.550917575694	-2.69903528243	0.114226904223
GCAGTGCTGTACGAAT	-0.537898615354	0.304238159424	34.9691606329	-0.537898615354	-14.0184437878	0.304238159424	-1.76801824062	0.219087878992
GCAGTGCTGTAGGAAT	1.21628684503	0.407983811082	51.0056315366	1.21628684503	-14.4431791371	0.407983811082	2.98121349915	0.0965038132235
GCAGTGCTGTATGAAT	0.888197466783	0.354771656707	42.7996781979	0.888197466783	-14.1251489749	0.354771656707	2.50357504607	0.12931047141
GCAGTGCTGTCAGAAT	1.22058330468	0.40827304051	51.0324483776	1.22058330468	-14.3662323994	0.40827304051	2.98962503905	0.0960371467712
GCAGTGCTGTCCTCGC	0.196999470466	0.894863504823	91.8744971842	0.196999470466	-14.9033413188	0.894863504823	0.220144714143	0.846186616205
GCAGTGCTGTGAGAAT	0.485180696007	0.235930600075	22.7674979887	0.485180696007	-13.3858707183	0.235930600075	2.05645514339	0.176033025554
GCAGTGCTGTTAGAAT	0.463515213411	0.641467921287	78.8415124698	0.463515213411	-15.4963576118	0.641467921287	0.722585180068	0.545006311067
GCAGTGCTTAAACAAC	-0.207548296746	0.0472467286033	1.34084204881	-0.207548296746	-6.49139124161	0.0472467286033	-4.39286068859	0.0481118490611
GCAGTGCTTAAGGATA	0.696365511417	0.681240816725	81.8449986592	0.696365511417	-14.7365394002	0.681240816725	1.02220168598	0.414198687166
GCAGTGCTTAATTATA	0.302185021326	1.10831262139	95.8970233307	0.302185021326	-14.984560543	1.10831262139	0.272653234741	0.810691242164
GCAGTGCTTACAGATA	-0.325160175664	0.55930017097	70.796460177	-0.325160175664	-13.1128868549	0.55930017097	-0.581369705466	0.61978346074
GCAGTGCTTACCGATA	-0.683537173379	0.318399463998	36.8999731832	-0.683537173379	-13.8135628918	0.318399463998	-2.14679121879	0.164913660595
GCAGTGCTTACGAATA	-0.66346291436	0.515299436177	66.0498793242	-0.66346291436	-13.6395184668	0.515299436177	-1.28752889637	0.326789124057
GCAGTGCTTACGCATA	0.281195114632	0.406642798977	50.6838294449	0.281195114632	-14.1105074467	0.406642798977	0.691503981724	0.560733121572
GCAGTGCTTACGGAAA	-1.37593375866	0.369955063702	45.1327433628	-1.37593375866	-13.845920226	0.369955063702	-3.71919158205	0.065293279904
GCAGTGCTTACGGACA	-0.405419961887	0.217859434207	19.5762939126	-0.405419961887	-12.9172290336	0.217859434207	-1.86092451476	0.203819448245
GCAGTGCTTACGGATA	-0.231067262271	0.0904983154872	4.74658085278	-0.231067262271	-4.13551064832	0.0904983154872	-2.55327694252	0.125221850855
GCAGTGCTTACGGATC	-0.185543486808	0.351846223349	42.5046929472	-0.185543486808	-12.7750546873	0.351846223349	-0.527342556195	0.650612498695
GCAGTGCTTACGGATG	-0.937431818763	0.00654727213066	0.0268168409761	-0.937431818763	-13.3146417589	0.00654727213066	-143.178991198	4.87763869999e-05
GCAGTGCTTACGGATT	0.291318224357	0.282511994207	31.0539018504	0.291318224357	-13.5089706786	0.282511994207	1.03117117266	0.410837621966
GCAGTGCTTACGGCTA	-0.0117600076471	0.121068724073	8.04505229284	-0.0117600076471	-13.7990684883	0.121068724073	-0.0971349763297	0.931476642323
GCAGTGCTTACGGGTA	0.19242985009	0.179903831494	14.8028962188	0.19242985009	-13.8088210396	0.179903831494	1.06962619135	0.3967687381
GCAGTGCTTACGGTTA	-0.298132144073	0.542889123764	68.9729149906	-0.298132144073	-13.5225499984	0.542889123764	-0.549158439584	0.638019565232
GCAGTGCTTACGTATA	-0.445015086747	0.17993241676	14.8297130598	-0.445015086747	-13.8019005535	0.17993241676	-2.4732346442	0.131898509986
GCAGTGCTTACTCCTC	0.0545256745729	0.242850258889	24.4837758112	0.0545256745729	-14.9480487794	0.242850258889	0.224523847832	0.843201458265
GCAGTGCTTACTGATA	0.0615508645311	0.294379361711	33.3065164924	0.0615508645311	-13.4775647705	0.294379361711	0.209086887658	0.853743093091
GCAGTGCTTAGATAAA	0.549168702359	0.546566554774	69.2142665594	0.549168702359	-13.9004162656	0.546566554774	1.00476089794	0.420821617816
GCAGTGCTTATACTTA	0.197023177854	0.146198172796	10.5926521856	0.197023177854	-6.61912831463	0.146198172796	1.34764459833	0.31013694698
GCAGTGCTTATACTTC	-0.0404709635536	0.778932924726	87.7178868329	-0.0404709635536	-15.3837788856	0.778932924726	-0.0519569301398	0.963285671803
GCAGTGCTTATGGATA	-0.022292205717	0.150025499889	11.0217216412	-0.022292205717	-13.4924970946	0.150025499889	-0.148589444685	0.895506585869
GCAGTGCTTCAACAAC	0.846169862096	0.598266743588	74.9530705283	0.846169862096	-15.581833712	0.598266743588	1.4143688767	0.292854393429
GCAGTGCTTCACGGCA	-0.142209473282	1.07945756669	95.521587557	-0.142209473282	-14.3533107289	1.07945756669	-0.131741605849	0.907246203052
GCAGTGCTTCAGATAA	4.78989045984	1.0386855817	95.0120675784	4.78989045984	-14.9587901245	1.0386855817	4.61149220153	0.0439471063592
GCAGTGCTTCATTATA	0.0538658465594	0.374677344423	45.5349959775	0.0538658465594	-14.4187266423	0.374677344423	0.143765955858	0.898863363923
GCAGTGCTTCCAACTA	-0.328863992484	0.368380321584	44.6768570662	-0.328863992484	-13.1409219123	0.368380321584	-0.892729533082	0.466202780573
GCAGTGCTTCCGGATA	0.55475002762	0.363881927339	44.1405202467	0.55475002762	-13.7211156434	0.363881927339	1.5245330585	0.266865077443
GCAGTGCTTCCTATTA	-0.119877057863	0.525315514549	67.2298203272	-0.119877057863	-13.9088650941	0.525315514549	-0.228200109349	0.840698742977
GCAGTGCTTCGATAGC	1.06309014605	0.154303007462	11.4507910968	1.06309014605	-14.0204700112	0.154303007462	6.8896268682	0.020424085849
GCAGTGCTTCTACTTA	0.701669663482	0.379026889202	46.4199517297	0.701669663482	-15.5289463292	0.379026889202	1.85123980243	0.205343911691
GCAGTGCTTCTATTTA	0.434217312174	0.461455426122	58.4875301689	0.434217312174	-15.0245303101	0.461455426122	0.940973466979	0.446048138652
GCAGTGCTTGAACAAC	-0.118798341702	0.382194148327	46.9562885492	-0.118798341702	-15.0395552503	0.382194148327	-0.310832445296	0.785332245549
GCAGTGCTTGAGATAT	0.861557707903	0.228444232623	21.2121212121	0.861557707903	-13.267303519	0.228444232623	3.77141369696	0.0636653885405
GCAGTGCTTGATCATA	0.860086312929	0.305461064225	35.2373290426	0.860086312929	-15.1886417552	0.305461064225	2.81569867214	0.106382193945
GCAGTGCTTGATTACA	0.216756572219	0.83973288328	89.916867793	0.216756572219	-14.5233681711	0.83973288328	0.258125621296	0.820444020727
GCAGTGCTTGATTATA	-0.0711709199413	0.133780498584	9.06409224993	-0.0711709199413	-5.58993877778	0.133780498584	-0.531997717864	0.647909131508
GCAGTGCTTGATTATC	-0.842880315421	1.29596300601	97.8278358809	-0.842880315421	-13.8294557671	1.29596300601	-0.650389178942	0.582173429152
GCAGTGCTTGATTATG	0.463515213411	0.641467921287	78.8415124698	0.463515213411	-15.4963576118	0.641467921287	0.722585180068	0.545006311067
GCAGTGCTTGATTATT	1.14479890434	0.296736050048	33.8160364709	1.14479890434	-15.9097162209	0.296736050048	3.8579704224	0.0610941436404
GCAGTGCTTGATTCTA	-1.28776525271	0.362603008317	43.9796192009	-1.28776525271	-14.1885290988	0.362603008317	-3.55144668735	0.0709502470317
GCAGTGCTTGATTGTA	-0.25044576373	0.240951297688	23.7329042639	-0.25044576373	-14.6679927934	0.240951297688	-1.0394040876	0.407779246721
GCAGTGCTTGCGGATA	-0.201690549865	0.190075062511	15.9292035398	-0.201690549865	-13.4994201134	0.190075062511	-1.06111000149	0.399837181541
GCAGTGCTTGCTTATA	0.181012479024	0.369855297399	45.0254759989	0.181012479024	-14.9123750774	0.369855297399	0.489414320403	0.672961726176
GCAGTGCTTGGCGCTC	-0.945909542495	0.69611733247	82.9444891392	-0.945909542495	-8.53912384444	0.69611733247	-1.35883636044	0.307152124345
GCAGTGCTTGGTTATA	-0.248757307015	0.673771626	80.933226066	-0.248757307015	-14.6980102297	0.673771626	-0.369201221031	0.747401342212
GCAGTGCTTGTTTATA	0.214703046774	0.608239132156	75.8648431215	0.214703046774	-14.5918539785	0.608239132156	0.35299117637	0.757827414841
GCAGTGCTTTAAGAAT	0.713079552927	0.223216486888	20.0858138911	0.713079552927	-14.2250963211	0.223216486888	3.19456489469	0.0855952646364
GCAGTGCTTTCCTCGC	0.451272895193	0.894072937114	91.7404129794	0.451272895193	-14.4189822553	0.894072937114	0.504738345676	0.66386319925
GCAGTGCTTTCGGATA	0.238475862128	0.103826303064	6.22150710646	0.238475862128	-14.0875843124	0.103826303064	2.29687328827	0.148466325652
GCAGTGCTTTGGCGCT	-0.221786633804	0.400191396636	50.0134084205	-0.221786633804	-9.95565148664	0.400191396636	-0.554201403799	0.635136245491
GCAGTGCTTTTACTTA	-0.0404709635536	0.778932924726	87.7178868329	-0.0404709635536	-15.3837788856	0.778932924726	-0.0519569301398	0.963285671803
GCAGTGGTACCAACTA	-0.299503594818	0.221598624853	19.8980960043	-0.299503594818	-12.1293202074	0.221598624853	-1.35155890528	0.309088981002
GCAGTGGTACGATAGC	0.513959535367	0.344915592074	40.9761330115	0.513959535367	-12.3626218847	0.344915592074	1.49010235309	0.274664330777
GCAGTGGTAGCAATCA	0.164765219704	0.443826285956	56.2885492089	0.164765219704	-15.261999848	0.443826285956	0.371238083272	0.746097377861
GCAGTGGTCAGATAAA	0.605247837281	0.390551645791	48.6725663717	0.605247837281	-13.1838486698	0.390551645791	1.54972548139	0.261335773264
GCAGTGGTCCACGGCA	-0.224028496777	0.325823499518	37.9994636632	-0.224028496777	-12.757996063	0.325823499518	-0.687576240229	0.562750036336
GCAGTGGTCCTATTTA	-0.139184653392	0.427338351469	53.7409493162	-0.139184653392	-13.1042522125	0.427338351469	-0.325701292462	0.775569481582
GCAGTGGTCGAGATAT	0.562552713136	0.076064940411	3.21802091714	0.562552713136	-12.4278814507	0.076064940411	7.39568992096	0.0177962097754
GCAGTGGTCTCCTCGC	0.987176768373	0.128900599312	8.52775543041	0.987176768373	-12.7969627858	0.128900599312	7.65843427915	0.0166258158422
GCAGTGGTGTAAGAAT	0.547695422122	0.135762495591	9.30544381872	0.547695422122	-12.7150384702	0.135762495591	4.03421740106	0.0563049556226
GCAGTGGTTAAACAAC	-0.436839346154	0.85195548395	90.2654867257	-0.436839346154	-14.6083472323	0.85195548395	-0.512749027836	0.659143912561
GCAGTGGTTACGGATA	-0.0135388959354	0.0948023714298	5.06838294449	-0.0135388959354	-12.4470577117	0.0948023714298	-0.142811785519	0.89952780639
GCAGTGGTTATACTTA	1.12317264009	0.363553361744	44.0600697238	1.12317264009	-14.9219390479	0.363553361744	3.0894299387	0.0907373916089
GCAGTGGTTGATTATA	-0.750336106163	0.722182615954	84.7144006436	-0.750336106163	-13.5697658414	0.722182615954	-1.03898389353	0.40793472506
GCAGTGTTACCAACTA	-0.131455216263	0.412937612611	51.676052561	-0.131455216263	-14.1604172532	0.412937612611	-0.318341590226	0.780393557728
GCAGTGTTACGATAGC	2.96164749039	0.888491565896	91.6063287745	2.96164749039	-14.4012769864	0.888491565896	3.33334339241	0.0794249583345
GCAGTGTTCAGATAAA	0.511583879811	0.289939213223	32.2606596943	0.511583879811	-14.4217141108	0.289939213223	1.76445219025	0.219703573633
GCAGTGTTCCACGGCA	1.14479890434	0.296736050048	33.8160364709	1.14479890434	-15.9097162209	0.296736050048	3.8579704224	0.0610941436404
GCAGTGTTCCTATTTA	0.450536439499	0.376265790339	45.8031643872	0.450536439499	-14.9629351263	0.376265790339	1.19738879023	0.353823009091
GCAGTGTTCGAGATAT	0.542007407435	0.504054475994	64.6554035935	0.542007407435	-13.7676563708	0.504054475994	1.07529529693	0.39474085186
GCAGTGTTCTCCTCGC	0.0651012419644	0.598498163534	75.0067042102	0.0651012419644	-14.4674188352	0.598498163534	0.108774338721	0.923311434994
GCAGTGTTGTAAGAAT	0.203092483696	0.305701678994	35.2909627246	0.203092483696	-14.2754616081	0.305701678994	0.664348604053	0.57481278483
GCAGTGTTTACGGATA	-0.0382799753974	0.517125013016	66.1303298471	-0.0382799753974	-14.2086306317	0.517125013016	-0.0740246061086	0.947728257678
GCAGTTCTACCAACTA	-0.726174977028	0.60112481005	75.2212389381	-0.726174977028	-13.3851774337	0.60112481005	-1.20802696027	0.350497713326
GCAGTTCTACGATAGC	0.612236368332	0.32579049517	37.9726468222	0.612236368332	-13.8383159634	0.32579049517	1.87923336442	0.200978348175
GCAGTTCTCAGATAAA	0.338465351469	0.676373791171	81.2818449987	0.338465351469	-14.5172830414	0.676373791171	0.500411689346	0.666422736093
GCAGTTCTCCTATTTA	-0.506466929437	0.196144372339	16.7605256101	-0.506466929437	-14.6477364706	0.196144372339	-2.58211297829	0.122932254734
GCAGTTCTCGAGATAT	0.99152072414	4.69602669513	99.946366318	0.99152072414	-11.6610201053	4.69602669513	0.211140350878	0.852337859882
GCAGTTCTCTCCTCGC	0.571985528217	0.0958425616035	5.17565030839	0.571985528217	-14.3523535273	0.0958425616035	5.96796995663	0.0269470332022
GCAGTTCTGTAAGAAT	0.159460312064	0.316425846813	36.5513542505	0.159460312064	-14.212627504	0.316425846813	0.503942119993	0.664333668816
GCAGTTCTTACGGATA	-0.397027381622	0.292787219417	33.0383480826	-0.397027381622	-14.1123997156	0.292787219417	-1.35602702335	0.307898045133
GCATTGCTACCAACTA	0.366352473578	0.677758921074	81.4695628855	0.366352473578	-15.1132766166	0.677758921074	0.540535081409	0.642974119408
GCATTGCTCCTATTTA	-0.573303127743	0.224607828355	20.7830517565	-0.573303127743	-15.1078840978	0.224607828355	-2.55246280568	0.125287357654
GCATTGCTCGAGATAT	0.169722961852	0.383965317775	47.2512737999	0.169722961852	-14.6403594739	0.383965317775	0.442026802931	0.701672704221
GCATTGCTCTCCTCGC	0.323182031976	0.99660521143	94.5293644409	0.323182031976	-15.154650931	0.99660521143	0.324282903872	0.776497924553
GCATTGCTGTAAGAAT	1.40539619201	0.222000538171	19.9785465272	1.40539619201	-15.5177214139	0.222000538171	6.33059813095	0.0240555863493
GCCAACAGACCAACTA	-0.35145151542	0.180062924335	14.8565299008	-0.35145151542	-14.2267639807	0.180062924335	-1.95182610034	0.190219962799
GCCAACAGCAGATAAA	-0.154006812079	0.416002595506	52.4001072674	-0.154006812079	-14.4316366142	0.416002595506	-0.370206373092	0.746757688549
GCCGACAGACCAACCA	-0.498307838402	0.710141260364	84.0707964602	-0.498307838402	-14.1211283415	0.710141260364	-0.701702416427	0.555527090445
GCCGACAGACCAACTA	-0.712613839969	0.212831656754	19.093590775	-0.712613839969	-5.43316310403	0.212831656754	-3.34825115229	0.0788004824622
GCCGACAGACCAACTC	-0.96184932573	0.709319369518	83.9635290963	-0.96184932573	-14.0866709928	0.709319369518	-1.35601728511	0.307900634646
GCCGACAGACCAACTG	-0.335720322964	0.49270016377	63.6363636364	-0.335720322964	-15.1728864815	0.49270016377	-0.681388697733	0.565940796502
GCCGACAGACCAACTT	-0.649687545082	0.624272642807	77.500670421	-0.649687545082	-14.4730827506	0.624272642807	-1.0407112222	0.407296009278
GCCGACAGACCAGCTA	-0.482603476745	0.704276014515	83.7489943685	-0.482603476745	-14.5938973902	0.704276014515	-0.685247639844	0.56394890967
GCCGACAGACCGACTA	-0.0684409710725	0.429808574428	54.1163850898	-0.0684409710725	-14.7130315654	0.429808574428	-0.159235936983	0.888110226856
GCCGACAGACGATAGC	2.14544032897	2.29459760327	99.7050147493	2.14544032897	-10.6056367961	2.29459760327	0.934996326114	0.448494253294
GCCGACAGACTAACTA	-0.56408778056	0.56108892262	71.4936980424	-0.56408778056	-14.743469177	0.56108892262	-1.00534471065	0.420598041695
GCCGACAGCAGATAAA	-0.0194683432071	0.157524897491	11.8262268705	-0.0194683432071	-6.02637320637	0.157524897491	-0.123588991436	0.91294119302
GCCGACAGCAGATAAC	0.689485700421	0.0837722124767	3.64709037275	0.689485700421	-14.8016004811	0.0837722124767	8.23048216154	0.0144431029303
GCCGACAGCAGATAAT	0.681709552047	0.384982479415	47.4658085278	0.681709552047	-15.0843635943	0.384982479415	1.77075474469	0.218616947538
GCCGACAGCAGATACA	-0.750624537931	0.988493241472	94.2343791901	-0.750624537931	-14.6410584581	0.988493241472	-0.759362336977	0.526932703555
GCCGACAGCAGATAGA	-0.21416559874	0.588508053001	73.8803968892	-0.21416559874	-14.8800755564	0.588508053001	-0.363912775106	0.750793334339
GCCGACAGCAGATGAA	0.590289964514	0.0381730255229	0.858138911236	0.590289964514	-15.0560072932	0.0381730255229	15.4635362649	0.00415593202121
GCCGACAGCAGTTAAA	0.148055308167	0.571021683354	72.6200053634	0.148055308167	-14.9390546892	0.571021683354	0.259281411692	0.81966612537
GCCGACAGCCACGACA	0.0545256745729	0.242850258889	24.4837758112	0.0545256745729	-14.9480487794	0.242850258889	0.224523847832	0.843201458265
GCCGACAGCCACGGCA	-1.36467987743	0.410899697825	51.4347009922	-1.36467987743	-6.99793907997	0.410899697825	-3.32119951574	0.0799389301379
GCCGACAGCCCAACTA	-0.759935297567	1.29258531382	97.774202199	-0.759935297567	-14.0071865721	1.29258531382	-0.587918870377	0.616128451637
GCCGACAGCCCCCCCC	-0.275881029884	0.648626430482	79.2437650845	-0.275881029884	-14.1608898919	0.648626430482	-0.425331156609	0.711989272348
GCCGACAGCGAGATAT	-0.46752108555	0.585663319953	73.6658621614	-0.46752108555	-8.95382430942	0.585663319953	-0.798276193201	0.508438400599
GCCGACAGCGGATAAA	0.0545256745729	0.242850258889	24.4837758112	0.0545256745729	-14.9480487794	0.242850258889	0.224523847832	0.843201458265
GCCGACAGCTGATAAA	-0.689216402013	0.676359478613	81.2550281577	-0.689216402013	-14.8027247357	0.676359478613	-1.01900900898	0.415402404197
GCCGACAGGCAGATAA	-0.380505936049	0.791836479154	88.5760257442	-0.380505936049	-14.2798674354	0.791836479154	-0.48053600215	0.678275278354
GCCGACAGGCCAACTA	-0.0585422839376	0.524481474277	67.0421024403	-0.0585422839376	-14.7741701354	0.524481474277	-0.111619355132	0.921317889344
GCCGACAGTAAGGATA	-0.0404709635536	0.778932924726	87.7178868329	-0.0404709635536	-15.3837788856	0.778932924726	-0.0519569301398	0.963285671803
GCCGACAGTACAGATA	0.701669663482	0.379026889202	46.4199517297	0.701669663482	-15.5289463292	0.379026889202	1.85123980243	0.205343911691
GCCGACAGTACGGATA	-1.70871309193	0.269155950121	27.3799946366	-1.70871309193	-5.58489537008	0.269155950121	-6.34841284825	0.0239255674375
GCCGACAGTACGGGTA	-1.11847251048	0.291100369103	32.582461786	-1.11847251048	-14.613777764	0.291100369103	-3.84222292101	0.0615505794879
GCCGACAGTAGATAAA	0.701669663482	0.379026889202	46.4199517297	0.701669663482	-15.5289463292	0.379026889202	1.85123980243	0.205343911691
GCCGACAGTCCAACTA	-0.134148914752	0.857976248067	90.4532046125	-0.134148914752	-14.8871231008	0.857976248067	-0.156355044857	0.890109865866
GCCGACAGTGATTATA	-0.467968577022	0.120441233597	7.96460176991	-0.467968577022	-7.55630997673	0.120441233597	-3.88545154384	0.0603093110751
GCCGACATCAGATAAA	-0.385467366555	0.301957220311	34.6741753821	-0.385467366555	-15.0531433823	0.301957220311	-1.27656283946	0.329942525495
GCCGACGGACCAACTA	-0.460388570944	0.231198559627	21.6948243497	-0.460388570944	-13.4891723112	0.231198559627	-1.99131245318	0.184690797165
GCCGACGGCAGATAAA	-0.557333625504	0.508777286905	65.191740413	-0.557333625504	-13.4638032546	0.508777286905	-1.09543731579	0.387630289249
GCCGACGGTACGGATA	-2.95163907605	0.519533226546	66.344864575	-2.95163907605	-13.0265434525	0.519533226546	-5.68132878753	0.0296120970651
GCCGACTGACCAACTA	0.105233138229	0.403487596085	50.4424778761	0.105233138229	-14.9477412027	0.403487596085	0.260808855713	0.818638610616
GCCGAGAGACCAACTA	-0.369780326894	0.169281085139	13.3547868061	-0.369780326894	-14.1289362284	0.169281085139	-2.18441609463	0.160564451063
GCCGAGAGCAGATAAA	0.148055308167	0.571021683354	72.6200053634	0.148055308167	-14.9390546892	0.571021683354	0.259281411692	0.81966612537
GCCGGCAGACCAACTA	-0.177079856798	0.387048809151	47.8948779834	-0.177079856798	-13.8209827087	0.387048809151	-0.457512987023	0.692195972605
GCCGGCAGCAGATAAA	-0.617818621374	0.525209157743	67.2030034862	-0.617818621374	-14.059655081	0.525209157743	-1.17632872974	0.360516098682
GCCGTCAGACCAACTA	-0.761142948889	0.29083388671	32.4751944221	-0.761142948889	-14.346273682	0.29083388671	-2.61710544634	0.120231897455
GCCGTCAGTACGGATA	-0.210166978218	0.086358431572	4.42477876106	-0.210166978218	-15.3832290908	0.086358431572	-2.43365904629	0.135384079429
GCCGTGCTACGATAGC	-0.307893225495	0.64461155987	79.0292303567	-0.307893225495	-14.6814812179	0.64461155987	-0.477641489329	0.680014226191
GCCGTGCTCTCCTCGC	1.12683098177	0.113234494471	7.26736390453	1.12683098177	-15.7942079689	0.113234494471	9.95130491846	0.0099476781743
GCCGTGCTGTAAGAAT	0.231935424889	0.275275390577	28.9621882542	0.231935424889	-15.2076239716	0.275275390577	0.842557790592	0.488173491377
GCGGACAGCAGATAAA	0.372971798184	0.769422621464	86.9133816036	0.372971798184	-14.6805195775	0.769422621464	0.484742439045	0.675753955808
GCGGACAGTACGGATA	-0.749215471125	0.389884127492	48.6189326897	-0.749215471125	-14.6343545723	0.389884127492	-1.92163624599	0.19459824361
GCGGCCATACCAACTA	-0.143832880748	0.263653164197	26.6291230893	-0.143832880748	-12.9537395554	0.263653164197	-0.545538230828	0.640095854354
GCGGCCATACGATAGC	0.614708153217	0.548342712718	69.2947170823	0.614708153217	-14.3368241849	0.548342712718	1.12102912824	0.378805503167
GCGGCCATAGCAATCA	-0.210166978218	0.086358431572	4.42477876106	-0.210166978218	-15.3832290908	0.086358431572	-2.43365904629	0.135384079429
GCGGCCATATCGGTCC	1.57830388633	0.119086670111	7.7500670421	1.57830388633	-14.9786659447	0.119086670111	13.2534051449	0.00564489120497
GCGGCCATCAGATAAA	-0.803734750811	0.139412332069	9.70769643336	-0.803734750811	-13.9795096073	0.139412332069	-5.76516251384	0.0287937200121
GCGGCCATCCACGGCA	-0.217665220392	0.565020130016	71.949584339	-0.217665220392	-13.1930884709	0.565020130016	-0.385234452418	0.737174811854
GCGGCCATCGAGATAT	0.321631234698	0.160809324421	12.1480289622	0.321631234698	-13.2408489745	0.160809324421	2.00007826571	0.183492768875
GCGGCCATGTAAGAAT	1.06359391079	0.221350909243	19.8712791633	1.06359391079	-14.903267074	0.221350909243	4.8050126129	0.0406871850966
GCGGCCATGTACCGGC	0.154393983557	0.767852829235	86.8597479217	0.154393983557	-13.5094045908	0.767852829235	0.201072363972	0.859236024575
GCGGCCATTAAACAAC	1.09208462557	0.537402080967	68.4365781711	1.09208462557	-15.3725984751	0.537402080967	2.03215555772	0.179197083942
GCGGCCATTACGGATA	0.0725452743112	0.0918104170976	4.8270313757	0.0725452743112	-13.3040501636	0.0918104170976	0.79016386816	0.512240710063
GCGGCCATTGATTATA	0.77343998626	0.307843982179	35.5591311344	0.77343998626	-13.344864077	0.307843982179	2.51244146722	0.128567555412
GCGGTGCTACCAACTA	-0.431335812392	0.160778694308	12.1212121212	-0.431335812392	-11.8038529374	0.160778694308	-2.68279210905	0.115383351342
GCGGTGCTACGATAGC	-0.0479495492253	0.239337140463	23.4915526951	-0.0479495492253	-11.6127720732	0.239337140463	-0.200343119052	0.859736482519
GCGGTGCTAGCAATCA	-0.288898069511	0.107814433504	6.78466076696	-0.288898069511	-14.8127062659	0.107814433504	-2.67958621236	0.115613544943
GCGGTGCTCAGATAAA	0.284566908188	0.198699808614	17.1627782247	0.284566908188	-12.694227131	0.198699808614	1.43214485295	0.28845275605
GCGGTGCTCCACGGCA	0.189927096358	0.649311345478	79.3242156074	0.189927096358	-12.7522364302	0.649311345478	0.29250543315	0.79745447497
GCGGTGCTCCTATTTA	-0.0541986061166	0.47748186404	60.5792437651	-0.0541986061166	-13.0097243713	0.47748186404	-0.113509245478	0.919994134948
GCGGTGCTCGAGATAT	0.408400974653	0.0657294193542	2.33306516492	0.408400974653	-12.0504388923	0.0657294193542	6.21336653611	0.024937898076
GCGGTGCTCTCCTCGC	0.909315980205	0.174525519751	14.1056583534	0.909315980205	-12.5449818321	0.174525519751	5.210217861	0.034919267265
GCGGTGCTGTAAGAAT	0.504991455941	0.225851157039	20.9439528024	0.504991455941	-12.6890712084	0.225851157039	2.23594805784	0.154858696122
GCGGTGCTGTACCGGC	-1.07553316257	0.845532306254	90.0509519979	-1.07553316257	-14.0018403176	0.845532306254	-1.27201900461	0.331259882443
GCGGTGCTTAAACAAC	-0.167577347804	0.586371275538	73.7731295253	-0.167577347804	-14.4385345946	0.586371275538	-0.285787102463	0.801922001801
GCGGTGCTTACGGATA	-0.269851112941	0.206905901851	18.4499865916	-0.269851112941	-12.1467757689	0.206905901851	-1.30422143848	0.322058577912
GCGGTGCTTATACTTA	-0.118940451794	0.20066096564	17.4041297935	-0.118940451794	-14.3165399418	0.20066096564	-0.592743344051	0.613447453585
GCGGTGCTTGATTATA	-0.226437455197	0.191609249292	16.0364709037	-0.226437455197	-13.6814509373	0.191609249292	-1.18176683033	0.358773695509
GCTATCTTACCAACTA	-0.690834623818	0.312914696474	36.1222847949	-0.690834623818	-12.9378726555	0.312914696474	-2.20774106043	0.15794673985
GCTATCTTACGATAGC	-0.814575006981	0.0958661454388	5.20246714937	-0.814575006981	-13.9348816146	0.0958661454388	-8.49700385107	0.0135693202877
GCTATCTTCAGATAAA	-0.51851997706	0.440771553639	55.3767766157	-0.51851997706	-14.4089981144	0.440771553639	-1.17639165409	0.360495880728
GCTATCTTCCACGGCA	-0.56408778056	0.56108892262	71.4936980424	-0.56408778056	-14.743469177	0.56108892262	-1.00534471065	0.420598041695
GCTATCTTCCTATTTA	0.508899534331	0.555110462245	70.3405738804	0.508899534331	-15.4176297256	0.555110462245	0.916753635434	0.4560486702
GCTATCTTCGAGATAT	0.567459791818	0.309413290018	35.8272995441	0.567459791818	-14.6754391366	0.309413290018	1.83398648385	0.208097474218
GCTATCTTTACGGATA	-1.0293633116	0.272511499529	28.0235988201	-1.0293633116	-13.0872881831	0.272511499529	-3.77732063925	0.063484970667
GCTATCTTTGATTATA	0.575812951678	0.56052978989	71.3596138375	0.575812951678	-14.433875119	0.56052978989	1.02726556566	0.412297402834
GCTGACAGCAGATAAA	0.508899534331	0.555110462245	70.3405738804	0.508899534331	-15.4176297256	0.555110462245	0.916753635434	0.4560486702
GCTGTGCTACCAACTA	-0.778515774397	0.370088941927	45.1595602038	-0.778515774397	-13.3500213528	0.370088941927	-2.10359101881	0.170108100815
GCTGTGCTACGATAGC	0.0846836587193	0.627079321669	77.7420219898	0.0846836587193	-13.7457793849	0.627079321669	0.135044572183	0.904941480166
GCTGTGCTCAGATAAA	0.572690487794	0.638836926483	78.3588093323	0.572690487794	-14.4692754833	0.638836926483	0.896458022467	0.464611463799
GCTGTGCTCCACGGCA	-0.266978841213	0.416550977486	52.5341914722	-0.266978841213	-14.5096394694	0.416550977486	-0.640927174928	0.58720996237
GCTGTGCTCCTATTTA	0.701669663482	0.379026889202	46.4199517297	0.701669663482	-15.5289463292	0.379026889202	1.85123980243	0.205343911691
GCTGTGCTCGAGATAT	1.33041765601	0.513544198994	65.7280772325	1.33041765601	-14.4459869294	0.513544198994	2.59065852289	0.122265007146
GCTGTGCTCTCCTCGC	1.06120897935	0.382450027018	47.0367390721	1.06120897935	-14.7569613877	0.382450027018	2.77476507879	0.109045453379
GCTGTGCTGTAAGAAT	0.485900731672	0.507703026834	65.0576562081	0.485900731672	-14.2583523002	0.507703026834	0.957056991961	0.43953672287
GCTGTGCTTACGGATA	0.0877159553484	0.60499607922	75.6234915527	0.0877159553484	-13.9362561667	0.60499607922	0.144985989763	0.898013982931
GCTGTGCTTGATTATA	-0.35142892311	0.287135199313	31.9388576026	-0.35142892311	-14.6997303648	0.287135199313	-1.22391446242	0.345600081171
GCTTCCCGACCAACTA	-0.753139704975	0.654840325632	79.726468222	-0.753139704975	-13.6429828861	0.654840325632	-1.15011198226	0.369056021532
GCTTCCCGACGATAGC	1.30137922058	0.429048476359	53.928667203	1.30137922058	-15.437311865	0.429048476359	3.03317525242	0.0936716948869
GCTTCCCGCAGATAAA	0.623353952903	0.608070382698	75.8380262805	0.623353952903	-13.9059863545	0.608070382698	1.02513454139	0.413096334756
GCTTCCCGCGAGATAT	0.443798518195	0.320283620148	37.034057388	0.443798518195	-13.3883172382	0.320283620148	1.38564225667	0.300145372735
GCTTCCCGGTAAGAAT	0.380471646059	0.14459861974	10.4317511397	0.380471646059	-15.3901113347	0.14459861974	2.6312259878	0.119165774311
GCTTCGGCACCAACTA	-0.794241678237	0.607225677841	75.7039420756	-0.794241678237	-13.7486619159	0.607225677841	-1.30798434128	0.321003676472
GCTTCGGCACGATAGC	0.252087912537	0.28402447026	31.3220702601	0.252087912537	-12.9827761736	0.28402447026	0.887557020374	0.468419832277
GCTTCGGCTACGGATA	-0.0693176891098	0.540182864923	68.6511128989	-0.0693176891098	-14.4632282822	0.540182864923	-0.128322635928	0.909633441099
GGAGTGCTACCAACTA	-0.317103775362	0.300765730779	34.2719227675	-0.317103775362	-12.1760264411	0.300765730779	-1.05432149647	0.402302263131
GGAGTGCTACGATAGC	0.144870222913	0.152600266479	11.26307321	0.144870222913	-12.0883042178	0.152600266479	0.94934449497	0.442646301163
GGAGTGCTCAGATAAA	0.493306063835	0.653262318544	79.6460176991	0.493306063835	-13.1283306874	0.653262318544	0.755142382824	0.528977118016
GGAGTGCTCCACGGCA	-0.168856813914	0.338878711636	40.3593456691	-0.168856813914	-12.9613951643	0.338878711636	-0.498280972265	0.667685933186
GGAGTGCTCCTATTTA	0.919487534446	0.0937493821024	4.96111558058	0.919487534446	-13.9204578559	0.0937493821024	9.80793167726	0.0102361530059
GGAGTGCTCGAGATAT	0.719314094822	0.236162941823	22.8479485117	0.719314094822	-12.6314313974	0.236162941823	3.0458381373	0.0929994977057
GGAGTGCTCTCCTCGC	0.592951046166	0.213188053258	19.147224457	0.592951046166	-12.7069107812	0.213188053258	2.78135213069	0.108610560167
GGAGTGCTGTAAGAAT	0.268274726104	0.157993596289	11.8798605524	0.268274726104	-12.5431585643	0.157993596289	1.6980101245	0.231601846351
GGAGTGCTGTACCGGC	-0.323917629172	0.485289827086	62.2418879056	-0.323917629172	-14.9409136381	0.485289827086	-0.667472531038	0.573176988754
GGAGTGCTTACGGATA	-0.00161915979625	0.24808257555	24.9396621078	-0.00161915979625	-12.588076381	0.24808257555	-0.00652669697844	0.995384977455
GGAGTGCTTATACTTA	0.366352473578	0.677758921074	81.4695628855	0.366352473578	-15.1132766166	0.677758921074	0.540535081409	0.642974119408
GGAGTGCTTGATTATA	0.945774041068	0.474839669848	60.3110753553	0.945774041068	-14.5821108031	0.474839669848	1.99177554262	0.184627243152
GGCGACAGACCAACTA	-0.714796635357	0.679357309888	81.6036470904	-0.714796635357	-14.0006013875	0.679357309888	-1.05216595885	0.403088560902
GGCGACAGCAGATAAA	-0.324868159783	0.287713700819	32.1265754894	-0.324868159783	-14.5028910163	0.287713700819	-1.12913691235	0.376057947723
GGCGACAGTACGGATA	-0.638784068639	0.73200023596	85.1166532582	-0.638784068639	-14.1113177927	0.73200023596	-0.872655550173	0.474868400462
GGCGACAGTGATTATA	-0.573303127743	0.224607828355	20.7830517565	-0.573303127743	-15.1078840978	0.224607828355	-2.55246280568	0.125287357654
GGGGGGGGACCAACTA	-0.368375702709	0.814769750856	89.1928130866	-0.368375702709	-10.0914805947	0.814769750856	-0.452122458305	0.695484481744
GGGGGGGGACGATAGC	-1.36890191005	0.750052514527	86.2161437383	-1.36890191005	-13.6677385334	0.750052514527	-1.82507475615	0.209538945971
GGGGGGGGCAGATAAA	-0.697951307104	0.168296039984	13.1938857603	-0.697951307104	-12.2730098845	0.168296039984	-4.14716417076	0.053518226006
GGGGGGGGCCACGGCA	-0.60066246007	0.619277631165	76.9106999195	-0.60066246007	-14.373307189	0.619277631165	-0.969940507845	0.434394673958
GGGGGGGGCCCCCCCC	-1.20455157085	0.776752363943	87.1815500134	-1.20455157085	-13.3104817323	0.776752363943	-1.55075365942	0.261113217216
GGGGGGGGCGAGATAT	1.23612098013	0.524397204773	67.0152855994	1.23612098013	-14.710853155	0.524397204773	2.35722267181	0.142487809374
GGGGGGGGCTCCTCGC	0.343706062979	1.02440997466	94.8511665326	0.343706062979	-14.1750139381	1.02440997466	0.33551612292	0.769161772622
GGGGGGGGGTAAGAAT	-1.45217458388	0.668915907361	80.5577902923	-1.45217458388	-13.6068028497	0.668915907361	-2.17093743459	0.162104273339
GGGGGGGGTAAACAAC	-0.151904379076	0.0818672000415	3.53982300885	-0.151904379076	-14.5801083665	0.0818672000415	-1.85549742753	0.204671861899
GGGGGGGGTACGGATA	0.0678860656575	0.212161698512	18.9863234111	0.0678860656575	-12.6697768375	0.212161698512	0.319973238023	0.779322654485
GGGGGGGGTGATTATA	-1.03067487723	0.304376134142	34.9959774739	-1.03067487723	-14.1456183405	0.304376134142	-3.3861882113	0.0772428377639
GGTCGGCTCAGATAAA	0.106998493537	0.790972749855	88.5223920622	0.106998493537	-15.3140955054	0.790972749855	0.135274563576	0.904781054707
GGTCTTTGACCAACTA	-0.257584039182	0.236203978855	22.9283990346	-0.257584039182	-13.8387833597	0.236203978855	-1.09051524208	0.389354356958
GGTCTTTGACGATAGC	0.347682446086	0.985296164482	94.0466613033	0.347682446086	-13.9726592071	0.985296164482	0.352871003278	0.757905027689
GGTCTTTGCAGATAAA	0.477871922014	0.602185925283	75.4357736659	0.477871922014	-14.6305335147	0.602185925283	0.79356209096	0.51064453643
GGTCTTTGGTAAGAAT	0.30858812641	0.454037426527	57.5489407348	0.30858812641	-14.1805903832	0.454037426527	0.679653500748	0.566838542212
GGTCTTTGGTACCGGC	-1.77135892903	0.408698807205	51.0860820595	-1.77135892903	-14.0692359954	0.408698807205	-4.33414264442	0.0493287627727
GGTCTTTGTACGGATA	0.597283089058	0.413087874318	51.7565030839	0.597283089058	-13.8166407776	0.413087874318	1.4458983819	0.285103633246
GGTCTTTGTGATTATA	-0.560078375384	0.35394835859	42.665593993	-0.560078375384	-13.4956632074	0.35394835859	-1.58237313945	0.254385571648
GGTTCGGCACCAACTA	-1.72007866454	0.457193552628	57.9780101904	-1.72007866454	-12.2022847701	0.457193552628	-3.76225485827	0.063946604325
GGTTCGGCACGATAGC	0.307167738724	0.102454692967	6.00697237865	0.307167738724	-12.0649045115	0.102454692967	2.99808363901	0.0955711040588
GGTTCGGCAGCAATCA	-0.184879133464	0.597405291902	74.7921694824	-0.184879133464	-14.9946862316	0.597405291902	-0.30947019715	0.786229961667
GGTTCGGCCAGATAAA	-1.27057621425	0.708386963577	83.9367122553	-1.27057621425	-13.7538430288	0.708386963577	-1.79361885464	0.214733831698
GGTTCGGCCCACGGCA	-0.73221067169	0.407261958164	50.9519978547	-0.73221067169	-13.8984765573	0.407261958164	-1.79788624253	0.214019175639
GGTTCGGCCGAGATAT	-1.29798645193	0.524885752885	67.1493698042	-1.29798645193	-13.1961893057	0.524885752885	-2.47289328163	0.131928037658
GGTTCGGCGTAAGAAT	-0.803758750672	0.677974424473	81.5231965674	-0.803758750672	-14.0935606226	0.677974424473	-1.18552960356	0.357573853927
GGTTCGGCTAAACAAC	0.0409131684355	0.607966489024	75.7843925986	0.0409131684355	-14.6835175164	0.607966489024	0.0672951045398	0.952468957451
GGTTCGGCTACGGATA	0.332901153756	0.364055499514	44.1673370877	0.332901153756	-13.905530927	0.364055499514	0.914424185875	0.457022975824
GGTTCGGCTATACTTA	0.383101546163	0.569421549891	72.2445695897	0.383101546163	-14.815026995	0.569421549891	0.672790740421	0.570401804179
GGTTCGGCTGATTATA	-1.05497467786	0.369093167813	44.7841244301	-1.05497467786	-13.2430377516	0.369093167813	-2.8582882856	0.103707899576
GTAGTGCTACCAACTA	-0.63289765186	0.739177435717	85.5189058729	-0.63289765186	-13.1856607278	0.739177435717	-0.856218847165	0.482087764741
GTAGTGCTACGATAGC	-0.814579415764	0.350505189748	42.3706087423	-0.814579415764	-13.3601864641	0.350505189748	-2.32401527735	0.145735424911
GTAGTGCTCAGATAAA	0.404873129339	0.239676845287	23.598820059	0.404873129339	-14.2620271519	0.239676845287	1.68924590464	0.233233653294
GTAGTGCTCCACGGCA	-0.436204687294	0.832753638698	89.6755162242	-0.436204687294	-14.176913586	0.832753638698	-0.523810004572	0.652669781799
GTAGTGCTCCTATTTA	0.292295523331	0.174390658175	14.0520246715	0.292295523331	-15.058530232	0.174390658175	1.67609622207	0.235710173993
GTAGTGCTCGAGATAT	-0.0529694845072	0.446528084934	56.6908018235	-0.0529694845072	-13.5205593796	0.446528084934	-0.118625202522	0.916412857727
GTAGTGCTCTCCTCGC	0.686996009419	0.174146216146	13.9447573076	0.686996009419	-13.8295968817	0.174146216146	3.94493790691	0.0586598787005
GTAGTGCTGTAAGAAT	0.656728662634	0.527597962623	67.363904532	0.656728662634	-14.0892974413	0.527597962623	1.24475208238	0.339299074621
GTAGTGCTTACGGATA	-0.0279294273198	0.207727747002	18.5840707965	-0.0279294273198	-13.7886036777	0.207727747002	-0.134452078371	0.905354795337
GTATCGGCACCAACTA	0.164765219704	0.443826285956	56.2885492089	0.164765219704	-15.261999848	0.443826285956	0.371238083272	0.746097377861
GTATCGGCACGATAGC	0.279077077765	0.268336912464	27.2995441137	0.279077077765	-13.5223927754	0.268336912464	1.04002492688	0.407549647551
GTCGACAGCAGATAAA	-0.627880609689	0.336423819909	39.7157414857	-0.627880609689	-14.9642005579	0.336423819909	-1.86633815007	0.202973844378
GTCTCGGCACCAACTA	-0.550796851869	0.396144318439	49.2893537141	-0.550796851869	-13.6868628336	0.396144318439	-1.39039442504	0.298923859662
GTCTCGGCACGATAGC	0.415458263401	0.226354388762	21.0244033253	0.415458263401	-12.7802957836	0.226354388762	1.8354327728	0.207864777771
GTCTCGGCAGCAATCA	0.842929350897	0.928427803706	92.5181013677	0.842929350897	-15.439776039	0.928427803706	0.907910499376	0.45975903553
GTCTCGGCTACGGATA	-1.75142662121	0.189390808795	15.9023866988	-1.75142662121	-13.9705523505	0.189390808795	-9.24768542019	0.011492034248
GTCTTTGAACCAACTA	-0.134373200266	0.659724883136	80.0750871547	-0.134373200266	-14.6474712774	0.659724883136	-0.203680660987	0.857446917498
GTCTTTGAGTAAGAAT	0.456830454615	1.08104270801	95.548404398	0.456830454615	-14.7356518398	1.08104270801	0.422583170146	0.713697074396
GTCTTTGATACGGATA	-0.689216402013	0.676359478613	81.2550281577	-0.689216402013	-14.8027247357	0.676359478613	-1.01900900898	0.415402404197
GTCTTTGGTACGGATA	-0.210166978218	0.086358431572	4.42477876106	-0.210166978218	-15.3832290908	0.086358431572	-2.43365904629	0.135384079429
GTCTTTGTTAAACAAC	0.231935419136	0.275275392202	29.8739608474	0.231935419136	-15.7184495905	0.275275392202	0.84255776472	0.488173502976
GTGTAACTACCAACTA	-0.167390705841	0.278056812314	30.2225797801	-0.167390705841	-13.4874844315	0.278056812314	-0.602001815557	0.6083298129
GTGTAACTCGAGATAT	-0.364075976753	0.326537023586	38.0530973451	-0.364075976753	-14.257695046	0.326537023586	-1.11496078685	0.380877041725
GTGTCGGCACCAACTA	-0.875069245754	0.236230073012	22.9552158756	-0.875069245754	-12.6807002802	0.236230073012	-3.70430925494	0.0657682464315
GTGTCGGCACGATAGC	0.374118143859	0.103772037703	6.16787342451	0.374118143859	-11.9616887087	0.103772037703	3.60519222848	0.0690630260867
GTGTCGGCAGCAATCA	-0.0251902701667	0.572336816143	72.7809064092	-0.0251902701667	-14.7939207985	0.572336816143	-0.0440130172588	0.968893158011
GTGTCGGCCCACGGCA	-1.1630526746	0.256825899232	26.0123357468	-1.1630526746	-13.7839573154	0.256825899232	-4.52856459602	0.0454622587999
GTGTCGGCCCTATTTA	-1.58647184615	0.646302123976	79.1364977206	-1.58647184615	-14.0081105597	0.646302123976	-2.45469075112	0.133515983662
GTGTCGGCCGAGATAT	-1.69565052547	0.575426223316	72.8881737731	-1.69565052547	-13.4022462628	0.575426223316	-2.94677311663	0.0984485937673
GTGTCGGCCTCCTCGC	-1.20358585384	0.439604215427	55.2426924108	-1.20358585384	-13.7132360174	0.439604215427	-2.73788515125	0.111526399294
GTGTCGGCGTAAGAAT	-1.05388825741	0.6392013205	78.4124430142	-1.05388825741	-13.8354828512	0.6392013205	-1.64875794778	0.240969203707
GTGTCGGCTAAACAAC	-0.202257404076	0.761950649031	86.6988468758	-0.202257404076	-14.1351640733	0.761950649031	-0.265446855821	0.815522268296
GTGTCGGCTACGGATA	-0.337633500473	0.185535343658	15.5269509252	-0.337633500473	-13.4687231142	0.185535343658	-1.81977996115	0.210401646971
GTGTCGGCTATACTTA	-0.509702511449	0.744237301049	85.8407079646	-0.509702511449	-14.5823969059	0.744237301049	-0.684865580818	0.564145833829
GTGTCGGCTGATTATA	-0.551437288877	0.447633794452	56.9053365514	-0.551437288877	-13.5560112152	0.447633794452	-1.23189378396	0.343170930708
GTGTCGGCTGGCGCTC	-0.752803265495	0.518921302104	66.291230893	-0.752803265495	-14.3768524906	0.518921302104	-1.4507079637	0.283943931539
GTTACGGCACCAACTA	-1.38393452799	0.335939376952	39.28667203	-1.38393452799	-13.9457469642	0.335939376952	-4.11959604304	0.0541795469863
GTTACGGCACGATAGC	0.493528308759	0.333555688783	38.8039688925	0.493528308759	-13.3773006708	0.333555688783	1.47959793629	0.277100959405
GTTACGGCCCACGGCA	-0.0404709635536	0.778932924726	87.7178868329	-0.0404709635536	-15.3837788856	0.778932924726	-0.0519569301398	0.963285671803
GTTACGGCTACGGATA	0.508899534331	0.555110462245	70.3405738804	0.508899534331	-15.4176297256	0.555110462245	0.916753635434	0.4560486702
GTTCCGGCACCAACTA	-1.40657356267	0.63033688232	78.0101903996	-1.40657356267	-13.3892855131	0.63033688232	-2.23146320979	0.155344112559
GTTCCGGCACGATAGC	0.442991018423	0.264754057699	26.7363904532	0.442991018423	-12.9084525845	0.264754057699	1.67321710675	0.236256963708
GTTCCGGCTAAACAAC	-0.940346132576	0.070811607358	2.9230356664	-0.940346132576	-14.5894620902	0.070811607358	-13.2795479111	0.00562287438697
GTTCCGGCTACGGATA	-2.81847601853	0.839703023249	89.890050952	-2.81847601853	-13.3994895178	0.839703023249	-3.35651526849	0.0784573431557
GTTCGGCTCAGATAAA	-1.01119940318	0.585828054162	73.6926790024	-1.01119940318	-7.84104697005	0.585828054162	-1.72610272928	0.226470651485
GTTGCGGCACCAACTA	-1.61666874323	0.489559007488	62.8050415661	-1.61666874323	-13.2529405192	0.489559007488	-3.3022959817	0.0807485566967
GTTGCGGCACGATAGC	0.588193602281	0.174577974603	14.1324751944	0.588193602281	-12.8610277921	0.174577974603	3.36923144868	0.0779335320212
GTTGCGGCCCACGGCA	-1.50326347556	0.3889043858	48.297130598	-1.50326347556	-14.3389270687	0.3889043858	-3.86538061912	0.0608810614452
GTTGCGGCCGAGATAT	-0.602383250149	0.531551462837	67.6052561008	-0.602383250149	-14.0893853187	0.531551462837	-1.13325480648	0.374671277104
GTTGCGGCTAAACAAC	-0.267132180395	0.481593699864	61.4910163583	-0.267132180395	-14.5533262406	0.481593699864	-0.554683710502	0.634861033653
GTTGCGGCTACGGATA	-0.488214189517	0.719667182862	84.3925985519	-0.488214189517	-14.2284252542	0.719667182862	-0.678388845765	0.567493655137
GTTGCGGCTGATTATA	-0.722044788185	0.723959881399	84.7948511665	-0.722044788185	-14.4365018674	0.723959881399	-0.997354697043	0.423669255878
GTTTAGGCACCAACTA	-0.700594745687	0.620838940917	77.1252346474	-0.700594745687	-14.0261318927	0.620838940917	-1.12846456547	0.376284917149
GTTTAGGCACGATAGC	0.103908802289	0.488800965588	62.6977742022	0.103908802289	-13.6067377667	0.488800965588	0.212578962818	0.851353915777
GTTTAGGCCGAGATAT	-0.35142892311	0.287135199313	31.9388576026	-0.35142892311	-14.6997303648	0.287135199313	-1.22391446242	0.345600081171
GTTTCAGCACCAACTA	-0.92535268677	0.367907461454	44.6232233843	-0.92535268677	-13.2315075055	0.367907461454	-2.51517781975	0.128339480884
GTTTCAGCACGATAGC	0.113600287553	0.161627040802	12.2552963261	0.113600287553	-12.2207884103	0.161627040802	0.702854466615	0.554941805948
GTTTCAGCCCACGGCA	1.27525898627	0.323082571719	37.4899436846	1.27525898627	-15.4262250901	0.323082571719	3.94716118387	0.0585995092097
GTTTCAGCCGAGATAT	-1.70581064324	0.454868147882	57.8439259855	-1.70581064324	-13.9061207026	0.454868147882	-3.75012110913	0.0643219452394
GTTTCAGCGTAAGAAT	-0.555513292866	0.601418156451	75.301689461	-0.555513292866	-14.4226953513	0.601418156451	-0.92367230172	0.453167829527
GTTTCAGCTAAACAAC	-0.0256113735058	0.563821179782	71.869133816	-0.0256113735058	-14.5973305409	0.563821179782	-0.0454246389178	0.967896486099
GTTTCAGCTACGGATA	-0.837453153068	0.393954770313	48.9407347814	-0.837453153068	-13.6497850441	0.393954770313	-2.12575964597	0.167415102554
GTTTCAGCTATACTTA	0.54026026975	0.460412622236	58.3266291231	0.54026026975	-15.3288581789	0.460412622236	1.17342627821	0.361450116336
GTTTCCGCACCAACTA	-1.47132209727	0.0899899754208	4.66613032985	-1.47132209727	-14.1560761349	0.0899899754208	-16.3498444175	0.00372001001294
GTTTCCGCACGATAGC	0.822423681874	0.230817934985	21.6680075087	0.822423681874	-13.8995829237	0.230817934985	3.56308396021	0.0705353479011
GTTTCCGCCCACGGCA	0.231935419136	0.275275392202	29.8739608474	0.231935419136	-15.7184495905	0.275275392202	0.84255776472	0.488173502976
GTTTCGACACCAACTA	-4.43826328528	1.23351585633	97.2378653795	-4.43826328528	-11.0358837051	1.23351585633	-3.5980593703	0.0693092822791
GTTTCGACACGATAGC	-0.2159330235	0.376973171251	45.8836149102	-0.2159330235	-12.0616708063	0.376973171251	-0.572807403729	0.624588967756
GTTTCGACAGCAATCA	-1.32181270703	0.335605719489	39.0989541432	-1.32181270703	-14.4685347633	0.335605719489	-3.9385881416	0.0588327953174
GTTTCGACCAGATAAA	-5.8559910741	1.64108855991	99.1418610888	-5.8559910741	-11.0028125418	1.64108855991	-3.56835774567	0.0703484775081
GTTTCGACCCACGGCA	-1.69263576426	0.640482344401	78.4392598552	-1.69263576426	-14.2591593499	0.640482344401	-2.6427516372	0.118305388606
GTTTCGACGTAAGAAT	-0.659384589803	0.58113550934	73.3708769107	-0.659384589803	-14.1497971787	0.58113550934	-1.13464859608	0.374203265796
GTTTCGACTAAACAAC	-0.38663526671	0.74925190032	86.1625100563	-0.38663526671	-13.6315988839	0.74925190032	-0.516028409864	0.657219333007
GTTTCGACTACGGATA	-1.05510035848	0.620201732161	77.0716009654	-1.05510035848	-13.5107453239	0.620201732161	-1.7012212378	0.231007695615
GTTTCGACTGATTATA	-0.555314529699	0.603371227528	75.5430410298	-0.555314529699	-14.1258433203	0.603371227528	-0.920353017121	0.454547523489
GTTTCGCAACGATAGC	1.3641182588	0.286100209197	31.5902386699	1.3641182588	-15.7304789801	0.286100209197	4.76797365032	0.0412830193548
GTTTCGCACCACGGCA	-2.53535218038	0.294094704112	33.2528828104	-2.53535218038	-5.57157384377	0.294094704112	-8.62086989303	0.0131898143708
GTTTCGCACCACGGTA	-0.335720322964	0.49270016377	63.6363636364	-0.335720322964	-15.1728864815	0.49270016377	-0.681388697733	0.565940796502
GTTTCGCACCATGGCA	-0.997056579377	1.03565870411	94.9584338965	-0.997056579377	-14.1978906587	1.03565870411	-0.962726982757	0.437265667092
GTTTCGCAGTACCGGC	-3.2905316109	0.720744619588	84.4998659158	-3.2905316109	-6.81191484429	0.720744619588	-4.5654612209	0.0447788226991
GTTTCGCATACGGATA	0.852591371785	0.282218546391	31.0270850094	0.852591371785	-8.59313492761	0.282218546391	3.02103239737	0.0943228145023
GTTTCGCCACCAACTA	-1.12764592955	0.759908168769	86.5915795119	-1.12764592955	-13.6987081979	0.759908168769	-1.48392394751	0.27609420275
GTTTCGCCACGATAGC	0.715606479131	0.300487874472	34.2182890855	0.715606479131	-13.2341746353	0.300487874472	2.38148204945	0.140178319256
GTTTCGCCCAGATAAA	0.148644951618	0.70025279724	83.4540091177	0.148644951618	-15.229452541	0.70025279724	0.212273270745	0.851562958199
GTTTCGCCCGAGATAT	-0.627880609689	0.336423819909	39.7157414857	-0.627880609689	-14.9642005579	0.336423819909	-1.86633815007	0.202973844378
GTTTCGCCTAAACAAC	-0.573303127743	0.224607828355	20.7830517565	-0.573303127743	-15.1078840978	0.224607828355	-2.55246280568	0.125287357654
GTTTCGCCTGATTATA	-0.953434112261	0.257920238075	26.2000536337	-0.953434112261	-14.4990928685	0.257920238075	-3.6966238841	0.0660154858715
GTTTCGCGCCACGGCA	-1.0975280689	0.506658555016	64.9503888442	-1.0975280689	-14.2160021179	0.506658555016	-2.16620850084	0.162649300518
GTTTCGGAACCAACTA	-1.18405411528	0.481688409628	61.5178331992	-1.18405411528	-13.925642064	0.481688409628	-2.45813287513	0.13321366684
GTTTCGGAACGATAGC	-0.168848521321	0.327551010559	38.1335478681	-0.168848521321	-13.4216748128	0.327551010559	-0.515487712991	0.65753635702
GTTTCGGACCACGGCA	-1.50835057347	0.26424582931	26.6827567713	-1.50835057347	-13.8698957259	0.26424582931	-5.70813388957	0.0293467301407
GTTTCGGATACGGATA	-0.323230768604	0.463804984263	58.9702333065	-0.323230768604	-14.5536163607	0.463804984263	-0.696910942252	0.557967450939
GTTTCGGCAAGATAAA	0.755244290181	0.233710233496	22.418879056	0.755244290181	-15.8280952561	0.233710233496	3.23154137875	0.0838857903038
GTTTCGGCAAGATAGC	0.799292721452	0.121009045587	8.01823545186	0.799292721452	-13.8919381278	0.121009045587	6.60523118399	0.0221614129982
GTTTCGGCACAAACTA	-1.3001350596	0.406767199961	50.7374631268	-1.3001350596	-14.3886369928	0.406767199961	-3.19626326735	0.0855156571842
GTTTCGGCACAATAGC	0.478824134521	0.273724034576	28.2917672298	0.478824134521	-12.7893081161	0.273724034576	1.74929518069	0.222346021745
GTTTCGGCACACTAGC	0.755244290181	0.233710233496	22.418879056	0.755244290181	-15.8280952561	0.233710233496	3.23154137875	0.0838857903038
GTTTCGGCACCAACAA	-1.61683497445	0.136090805681	9.33226065969	-1.61683497445	-14.0596974714	0.136090805681	-11.8805599421	0.00701036397862
GTTTCGGCACCAACCA	-1.33381391684	0.283644839859	31.2148028962	-1.33381391684	-12.9118966439	0.283644839859	-4.70240853844	0.0423696059587
GTTTCGGCACCAACTA	-1.56763243761	0.443934734494	56.3153660499	-1.56763243761	-3.93874489303	0.443934734494	-3.53122275823	0.0716797160705
GTTTCGGCACCAACTC	-1.71782001945	0.511760197842	65.4599088227	-1.71782001945	-12.4593677661	0.511760197842	-3.35668937658	0.0784501370487
GTTTCGGCACCAACTG	-1.27526281753	0.724133429164	84.8484848485	-1.27526281753	-13.2985815931	0.724133429164	-1.76108817266	0.220286473501
GTTTCGGCACCAACTT	-1.80438059673	0.936488814295	93.0276213462	-1.80438059673	-13.3899298549	0.936488814295	-1.92675082626	0.193847070141
GTTTCGGCACCAATCA	-0.573303127743	0.224607828355	20.7830517565	-0.573303127743	-15.1078840978	0.224607828355	-2.55246280568	0.125287357654
GTTTCGGCACCAATTA	-0.398214098391	0.183025947004	15.0978814696	-0.398214098391	-14.6140313695	0.183025947004	-2.17572483524	0.161555048855
GTTTCGGCACCAGCTA	-1.24452448868	0.661242235363	80.1555376777	-1.24452448868	-13.0705443558	0.661242235363	-1.88210072214	0.200538187715
GTTTCGGCACCATAGC	0.163485346175	0.324670855975	37.8385626173	0.163485346175	-12.7567934786	0.324670855975	0.503541796764	0.664570304618
GTTTCGGCACCATCTA	-0.703632604477	0.474898044972	60.3378921963	-0.703632604477	-13.7440226432	0.474898044972	-1.48164982342	0.276622865456
GTTTCGGCACCCACTA	-1.28776525271	0.362603008317	43.9796192009	-1.28776525271	-14.1885290988	0.362603008317	-3.55144668735	0.0709502470317
GTTTCGGCACCGACTA	-2.03555745241	0.485676464103	62.2955215876	-2.03555745241	-13.196719163	0.485676464103	-4.1911799374	0.0524865117401
GTTTCGGCACCTACTA	-0.522656462153	0.613305870376	76.3743631	-0.522656462153	-13.9775173275	0.613305870376	-0.852195433631	0.48387203072
GTTTCGGCACGAAAGC	0.649934523913	0.249703593938	25.1541968356	0.649934523913	-13.1025221174	0.249703593938	2.60282406698	0.121323836074
GTTTCGGCACGACAGC	0.0996589294082	0.426122131371	53.5800482703	0.0996589294082	-12.9148220798	0.426122131371	0.233874098695	0.836842056202
GTTTCGGCACGATAAC	0.149166897418	0.763006462116	86.8061142397	0.149166897418	-13.388201283	0.763006462116	0.195498865113	0.863063654986
GTTTCGGCACGATACC	0.325373735323	0.111610108743	7.10646285868	0.325373735323	-12.4807047267	0.111610108743	2.91527119709	0.100276625865
GTTTCGGCACGATAGA	-3.13154887399	1.10202327353	95.7629391258	-3.13154887399	-10.8395313973	1.10202327353	-2.84163587939	0.104742073784
GTTTCGGCACGATAGC	0.431749729294	0.0658565870034	2.38669884688	0.431749729294	-3.50029854669	0.0658565870034	6.55590805626	0.0224849234279
GTTTCGGCACGATAGG	-0.0310089473762	0.19216183721	16.1437382676	-0.0310089473762	-13.4670506762	0.19216183721	-0.161368916047	0.886630591197
GTTTCGGCACGATAGT	0.75842029474	0.10021251726	5.79243765084	0.75842029474	-12.9621799381	0.10021251726	7.56811938744	0.0170148642805
GTTTCGGCACGATATC	0.714857513124	0.489112711821	62.7514078842	0.714857513124	-14.3611991544	0.489112711821	1.46153942813	0.281353769433
GTTTCGGCACGATCGC	-0.0313456063352	0.628917973602	77.9297398766	-0.0313456063352	-13.1569525379	0.628917973602	-0.0498405319151	0.964779287872
GTTTCGGCACGATGGC	0.467564186804	0.296856556828	33.8428533119	0.467564186804	-12.9352219699	0.296856556828	1.57505089933	0.25592361082
GTTTCGGCACGATTGC	-0.0253338234608	0.388596635249	48.2166800751	-0.0253338234608	-14.200326238	0.388596635249	-0.0651931107036	0.953950412686
GTTTCGGCACGCTAGC	0.896064992075	0.185016600013	15.4196835613	0.896064992075	-14.1406630054	0.185016600013	4.84315997598	0.0400866321519
GTTTCGGCACGGTAGC	0.825276673035	0.397242239874	49.6916063288	0.825276673035	-13.7053582176	0.397242239874	2.07751490198	0.173351763966
GTTTCGGCACGTTAGC	0.610994686159	0.0788782195267	3.32528828104	0.610994686159	-13.0606783289	0.0788782195267	7.746050682	0.0162609022428
GTTTCGGCACTAACTA	-0.703526703558	0.664348414904	80.3432555645	-0.703526703558	-13.7443992676	0.664348414904	-1.05897250264	0.4006115267
GTTTCGGCACTATAGC	1.21247382016	0.399234693292	49.9061410566	1.21247382016	-13.7895476686	0.399234693292	3.03699513228	0.0934681921435
GTTTCGGCAGCAAACA	0.106998493537	0.790972749855	88.5223920622	0.106998493537	-15.3140955054	0.790972749855	0.135274563576	0.904781054707
GTTTCGGCAGCAATCA	-0.255294204805	0.0736554529733	3.08393671226	-0.255294204805	-6.58332878157	0.0736554529733	-3.46605980276	0.0741051905805
GTTTCGGCAGCAATCC	-0.162898410384	0.312697273103	36.0686511129	-0.162898410384	-14.6938812095	0.312697273103	-0.520946053568	0.654341376874
GTTTCGGCAGCGATCA	0.508899534331	0.555110462245	70.3405738804	0.508899534331	-15.4176297256	0.555110462245	0.916753635434	0.4560486702
GTTTCGGCAGGATAGC	0.575509501934	0.192397368212	16.2241887906	0.575509501934	-13.9213952388	0.192397368212	2.99125454408	0.0959471147066
GTTTCGGCATAAGAAT	-0.940346132576	0.070811607358	2.9230356664	-0.940346132576	-14.5894620902	0.070811607358	-13.2795479111	0.00562287438697
GTTTCGGCATACGATA	0.15863290062	0.903126779334	92.0353982301	0.15863290062	-14.5684713639	0.903126779334	0.175648540437	0.876744767845
GTTTCGGCATCAACTA	-2.59402035402	0.397280059331	49.7184231698	-2.59402035402	-13.3644297951	0.397280059331	-6.52945017776	0.0226613542688
GTTTCGGCATGATAGC	0.483575054092	0.373986290812	45.4813622955	0.483575054092	-12.7477948892	0.373986290812	1.29302882478	0.325221258893
GTTTCGGCATGATATA	1.3992005098	0.590726057546	74.0144810941	1.3992005098	-15.7053678261	0.590726057546	2.3686114603	0.141397082442
GTTTCGGCCAAACAAC	-0.75568314379	0.167910044658	13.1670689193	-0.75568314379	-13.7280674585	0.167910044658	-4.50052374967	0.0459919289319
GTTTCGGCCAAGATAT	-1.14865065394	0.541052628556	68.7315634218	-1.14865065394	-13.8802269335	0.541052628556	-2.12299246565	0.167748067592
GTTTCGGCCACGGATA	-1.52053148611	0.4470314551	56.7980691874	-1.52053148611	-12.8678169334	0.4470314551	-3.40139708015	0.0766308122324
GTTTCGGCCAGAAAAA	0.0665852532259	0.561671162642	71.6277822473	0.0665852532259	-14.9832341536	0.561671162642	0.118548463326	0.916466553206
GTTTCGGCCAGATAAA	-1.58033430698	0.520808215085	66.6130329847	-1.58033430698	-5.58332841578	0.520808215085	-3.03438820896	0.0936070066374
GTTTCGGCCAGATAAC	-0.713177816543	0.570459915495	72.3518369536	-0.713177816543	-14.2517086364	0.570459915495	-1.25018041964	0.337680162753
GTTTCGGCCAGATGAA	-2.68560780041	0.921246845352	92.3840171628	-2.68560780041	-12.9482289058	0.921246845352	-2.91518805623	0.100281514073
GTTTCGGCCCACAGCA	-0.769919779417	0.551976805794	69.670152856	-0.769919779417	-14.260798101	0.551976805794	-1.39484081819	0.297786505278
GTTTCGGCCCACGACA	-1.54226046796	0.264182989767	26.6559399303	-1.54226046796	-13.3212686478	0.264182989767	-5.8378492473	0.0281109266821
GTTTCGGCCCACGGCA	-0.709280494899	0.0636688798943	2.19898096004	-0.709280494899	-5.52753998984	0.0636688798943	-11.1401440716	0.00796173199585
GTTTCGGCCCACGGCC	-1.22362426543	0.370616389439	45.2131938858	-1.22362426543	-14.0354251843	0.370616389439	-3.30159242898	0.0807789164963
GTTTCGGCCCACGGCG	-1.02718164784	0.40689694612	50.7910968088	-1.02718164784	-14.2529088258	0.40689694612	-2.52442702664	0.127572732596
GTTTCGGCCCACGGTA	-0.940346132576	0.070811607358	2.9230356664	-0.940346132576	-14.5894620902	0.070811607358	-13.2795479111	0.00562287438697
GTTTCGGCCCAGATAT	-1.49201988768	0.825446959611	89.4341646554	-1.49201988768	-13.9806139526	0.825446959611	-1.8075296908	0.212415724663
GTTTCGGCCCATGGCA	-0.34548042219	0.523357812288	66.9080182355	-0.34548042219	-14.4100029429	0.523357812288	-0.660122795682	0.577032210588
GTTTCGGCCCCAACTA	-5.09441717376	1.50851671595	98.8200589971	-5.09441717376	-10.377281017	1.50851671595	-3.37710356133	0.077611778941
GTTTCGGCCCCCCCCC	-2.74929672926	0.598860943474	75.0603378922	-2.74929672926	-10.4115049418	0.598860943474	-4.59087666213	0.0443167761386
GTTTCGGCCCGATAGC	0.390023991911	0.17848039859	14.641995173	0.390023991911	-12.5028225326	0.17848039859	2.18524832414	0.160470033191
GTTTCGGCCCGCGGCA	0.103068886124	0.894681297831	91.7940466613	0.103068886124	-14.6594179252	0.894681297831	0.115201789033	0.918808969084
GTTTCGGCCCTATTTA	-3.75841347768	0.206074796276	18.2622687047	-3.75841347768	-5.80620426326	0.206074796276	-18.2381035702	0.00299286794333
GTTTCGGCCGAGACAT	0.0545256745729	0.242850258889	24.4837758112	0.0545256745729	-14.9480487794	0.242850258889	0.224523847832	0.843201458265
GTTTCGGCCGAGATAT	-1.05902334865	0.461042920492	58.380262805	-1.05902334865	-5.03269370634	0.461042920492	-2.29701683201	0.148451697848
GTTTCGGCCGAGATCT	-1.33796903198	0.519966826204	66.4253150979	-1.33796903198	-14.5280824771	0.519966826204	-2.57318152727	0.12363510256
GTTTCGGCCGAGATTT	-1.12268038208	0.44253647081	55.8326629123	-1.12268038208	-14.6913233218	0.44253647081	-2.53692171411	0.126547069056
GTTTCGGCCGAGTTAT	-0.586505723348	0.435382967415	54.6795387503	-0.586505723348	-14.6726569794	0.435382967415	-1.34710305006	0.310282276653
GTTTCGGCCGATTATA	-0.723125707448	0.690086427842	82.7031375704	-0.723125707448	-13.5191653005	0.690086427842	-1.04787701696	0.404658212431
GTTTCGGCCGCGATAT	-1.23129790665	0.533676873666	67.7929739877	-1.23129790665	-14.1154397789	0.533676873666	-2.30719742116	0.147419298638
GTTTCGGCCGGCGCTC	1.41068451906	0.342825143639	40.6811477608	1.41068451906	-15.2605992872	0.342825143639	4.11488056004	0.0542938574054
GTTTCGGCCGTACCGG	-3.8661930176	0.590436129194	73.9876642532	-3.8661930176	-11.5838128197	0.590436129194	-6.54802920492	0.0225372489184
GTTTCGGCCTAAGAAT	-0.753242399261	0.657273542397	79.8605524269	-0.753242399261	-14.0098484494	0.657273542397	-1.14601052784	0.370413224554
GTTTCGGCCTCCTCGC	-1.52458990055	0.540117500861	68.6242960579	-1.52458990055	-5.48501570768	0.540117500861	-2.82270042744	0.105935878908
GTTTCGGCCTCCTTGC	0.292295523331	0.174390658175	14.0520246715	0.292295523331	-15.058530232	0.174390658175	1.67609622207	0.235710173993
GTTTCGGCGACGATAG	-3.21740685395	0.6700603844	80.6650576562	-3.21740685395	-6.42084426959	0.6700603844	-4.80166702711	0.0407404838284
GTTTCGGCGCCAACTA	-0.541145152655	0.714415759067	84.258514347	-0.541145152655	-13.2709832299	0.714415759067	-0.757465307542	0.5278508031
GTTTCGGCGCGATAGC	0.546693573797	0.179826326398	14.7760793778	0.546693573797	-12.7774379383	0.179826326398	3.04011979085	0.0933021956752
GTTTCGGCGTAAGAAC	-1.50208047096	0.734681547261	85.43845535	-1.50208047096	-13.9005589654	0.734681547261	-2.04453273198	0.177575912914
GTTTCGGCGTAAGAAT	-1.99677487423	0.720486151188	84.4462322338	-1.99677487423	-5.27970645254	0.720486151188	-2.77142714116	0.109266772309
GTTTCGGCGTACCGGC	-3.86848799283	0.711172330039	84.1512469831	-3.86848799283	-6.26070099887	0.711172330039	-5.43959295017	0.0321740006485
GTTTCGGCTAAACAAC	-0.349628044988	0.242145518658	24.1887905605	-0.349628044988	-5.74004159021	0.242145518658	-1.44387576085	0.285593103491
GTTTCGGCTAAACACC	0.860086312929	0.305461064225	35.2373290426	0.860086312929	-15.1886417552	0.305461064225	2.81569867214	0.106382193945
GTTTCGGCTAAACAGC	1.70131986943	0.412207513637	51.5419683561	1.70131986943	-16.0263206109	0.412207513637	4.12733832631	0.0539926221431
GTTTCGGCTAAACATC	-0.256118290658	0.503957054387	64.6285867525	-0.256118290658	-14.8854528554	0.503957054387	-0.508214516354	0.661812166239
GTTTCGGCTAAACCAC	-0.118798341702	0.382194148327	46.9562885492	-0.118798341702	-15.0395552503	0.382194148327	-0.310832445296	0.785332245549
GTTTCGGCTAACCAAC	0.575322659632	0.744436472101	85.8943416466	0.575322659632	-15.2184575061	0.744436472101	0.772829759412	0.520459120352
GTTTCGGCTAAGGATA	-0.573303127743	0.224607828355	20.7830517565	-0.573303127743	-15.1078840978	0.224607828355	-2.55246280568	0.125287357654
GTTTCGGCTACAACTA	-0.795847317055	0.740063686137	85.5993563958	-0.795847317055	-14.1723153007	0.740063686137	-1.07537679792	0.394711783829
GTTTCGGCTACACAAC	0.755244290181	0.233710233496	22.418879056	0.755244290181	-15.8280952561	0.233710233496	3.23154137875	0.0838857903038
GTTTCGGCTACAGATA	-1.10296411964	0.576655897978	72.9686242961	-1.10296411964	-14.2675154316	0.576655897978	-1.91269026036	0.195921524371
GTTTCGGCTACCGATA	-0.0404709635536	0.778932924726	87.7178868329	-0.0404709635536	-15.3837788856	0.778932924726	-0.0519569301398	0.963285671803
GTTTCGGCTACGATAG	0.269648913113	0.081806403495	3.51300616787	0.269648913113	-13.7990461476	0.081806403495	3.29618344767	0.081012874267
GTTTCGGCTACGCATA	-1.12268038208	0.44253647081	55.8326629123	-1.12268038208	-14.6913233218	0.44253647081	-2.53692171411	0.126547069056
GTTTCGGCTACGGAAA	-0.769377594977	0.622954807516	77.3129525342	-0.769377594977	-14.5746999252	0.622954807516	-1.23504560153	0.34221701627
GTTTCGGCTACGGACA	-1.81321070714	0.557809804691	70.5819254492	-1.81321070714	-13.5247323608	0.557809804691	-3.25058952333	0.0830242255074
GTTTCGGCTACGGATA	-0.839622624269	0.273086057745	28.104049343	-0.839622624269	-4.91830232877	0.273086057745	-3.07457155155	0.0914995236026
GTTTCGGCTACGGATC	-1.01277758552	0.294858630771	33.3601501743	-1.01277758552	-13.4065360367	0.294858630771	-3.43479037011	0.0753112972883
GTTTCGGCTACGGATG	0.445314008663	1.14642949213	96.4333601502	0.445314008663	-14.9221316245	1.14642949213	0.388435583451	0.735143464124
GTTTCGGCTACGGGTA	0.325688091453	0.321702533259	37.3558594798	0.325688091453	-14.9064711494	0.321702533259	1.01238895496	0.417910676522
GTTTCGGCTACGGTTA	-0.908890425824	0.541151636515	68.7583802628	-0.908890425824	-14.6538271377	0.541151636515	-1.6795485119	0.235056695687
GTTTCGGCTACTGATA	-5.83201733452	1.76636374419	99.3295789756	-5.83201733452	-10.7353567124	1.76636374419	-3.30170801666	0.0807739275157
GTTTCGGCTATACCTA	0.650545928086	1.25928853982	97.6937516761	0.650545928086	-15.3795744317	1.25928853982	0.516597989669	0.656885500832
GTTTCGGCTATACTCA	-1.20684503322	0.780994503863	87.8519710378	-1.20684503322	-13.6328914332	0.780994503863	-1.54526699901	0.262303643222
GTTTCGGCTATACTTA	-0.73943481544	0.461090961287	58.407079646	-0.73943481544	-6.12397093875	0.461090961287	-1.60366365321	0.249980316016
GTTTCGGCTATACTTC	-1.14728005635	0.45051618989	57.3612228479	-1.14728005635	-14.4997292943	0.45051618989	-2.54659007177	0.125761311481
GTTTCGGCTATGGATA	-1.31660277599	0.585241597293	73.6390453205	-1.31660277599	-13.9244113286	0.585241597293	-2.24967395018	0.153385967585
GTTTCGGCTCAACAAC	0.445575557387	0.413436090077	51.9442209708	0.445575557387	-14.8823094797	0.413436090077	1.07773744983	0.393870887039
GTTTCGGCTCATTATA	-0.707274020563	0.517616049025	66.1839635291	-0.707274020563	-13.8799992564	0.517616049025	-1.36640666744	0.3051531164
GTTTCGGCTCCAACTA	-1.14194383334	0.681234870149	81.8181818182	-1.14194383334	-13.2700695197	0.681234870149	-1.67628505729	0.235674368676
GTTTCGGCTCCGGATA	-1.46890933319	0.592069996579	74.17538214	-1.46890933319	-13.9368138554	0.592069996579	-2.48097242163	0.131231660884
GTTTCGGCTCGATAGC	0.218265186729	0.237079155048	23.1429337624	0.218265186729	-13.2850185413	0.237079155048	0.920642671792	0.454426948574
GTTTCGGCTCGCGCTC	0.106998493537	0.790972749855	88.5223920622	0.106998493537	-15.3140955054	0.790972749855	0.135274563576	0.904781054707
GTTTCGGCTCTACTTA	-0.871821680154	0.346976432363	41.8342719228	-0.871821680154	-14.8815348654	0.346976432363	-2.51262506279	0.128552235038
GTTTCGGCTGAGATAT	-0.108805008246	0.386690320313	47.8144274604	-0.108805008246	-14.5106840977	0.386690320313	-0.281375050087	0.804862658118
GTTTCGGCTGATCATA	-2.81082729964	0.478000509164	60.71332797	-2.81082729964	-13.2263662818	0.478000509164	-5.88038557648	0.0277224049613
GTTTCGGCTGATTACA	-1.59653209421	0.397855819293	49.8256905337	-1.59653209421	-13.745864007	0.397855819293	-4.01284087549	0.0568561010693
GTTTCGGCTGATTATA	-0.984085073348	0.436079164871	54.7331724323	-0.984085073348	-5.03586613002	0.436079164871	-2.25666611162	0.152643137792
GTTTCGGCTGATTATC	-1.53953945695	0.250236852984	25.1810136766	-1.53953945695	-13.268385008	0.250236852984	-6.15232903785	0.025416373116
GTTTCGGCTGATTGTA	0.222157589676	0.463271249797	58.8093322607	0.222157589676	-14.8403616187	0.463271249797	0.479541067514	0.678872643107
GTTTCGGCTGATTTTA	0.0545256745729	0.242850258889	24.4837758112	0.0545256745729	-14.9480487794	0.242850258889	0.224523847832	0.843201458265
GTTTCGGCTGCGGATA	0.498036637001	0.651099553349	79.5387503352	0.498036637001	-14.2935352872	0.651099553349	0.764916262713	0.524253631428
GTTTCGGCTGCTTATA	-1.84204980283	0.68925746006	82.6495038884	-1.84204980283	-14.1458673864	0.68925746006	-2.67251340692	0.116123686842
GTTTCGGCTGGCGCCC	-1.33796903198	0.519966826204	66.4253150979	-1.33796903198	-14.5280824771	0.519966826204	-2.57318152727	0.12363510256
GTTTCGGCTGGCGCTC	-1.15590718495	0.421649648273	52.9632609279	-1.15590718495	-6.19318226596	0.421649648273	-2.74139250367	0.111287046295
GTTTCGGCTGGTTATA	-1.293391267	0.601307455592	75.27487262	-1.293391267	-14.2144088421	0.601307455592	-2.15096495973	0.16442332041
GTTTCGGCTTATTATA	-0.710691163757	0.11659198444	7.58916599625	-0.710691163757	-14.7483550279	0.11659198444	-6.09554050537	0.0258738499464
GTTTCGGCTTCGGATA	-0.761142948889	0.29083388671	32.4751944221	-0.761142948889	-14.346273682	0.29083388671	-2.61710544634	0.120231897455
GTTTCGGGACCAACTA	-1.90999993117	0.627933791719	77.8224725127	-1.90999993117	-12.1562593509	0.627933791719	-3.04172184449	0.0932172501519
GTTTCGGGACGATAGC	0.421534748599	0.128954584763	8.58138911236	0.421534748599	-11.8876788739	0.128954584763	3.26886205228	0.0822096257598
GTTTCGGGCCACGGCA	-0.748549075969	0.168642938151	13.2743362832	-0.748549075969	-13.8740483237	0.168642938151	-4.43866244373	0.0471928713879
GTTTCGGGCGAGATAT	-2.22669800335	0.492845783485	63.6631804773	-2.22669800335	-13.2209382897	0.492845783485	-4.51804210964	0.0456599679488
GTTTCGGGCTCCTCGC	-2.21455292644	0.807312050907	89.0587288817	-2.21455292644	-13.8634199625	0.807312050907	-2.74311887696	0.11116949927
GTTTCGGGTAAACAAC	0.0749246564438	0.649820617176	79.4046661303	0.0749246564438	-14.4058654789	0.649820617176	0.115300522119	0.918739844024
GTTTCGGGTACGGATA	-1.03632369806	0.212269359928	19.0131402521	-1.03632369806	-13.5451759831	0.212269359928	-4.882116281	0.0394866905809
GTTTCGGGTATACTTA	-0.240622361566	0.342763551039	40.6543309198	-0.240622361566	-14.8999270744	0.342763551039	-0.702006852352	0.555372370241
GTTTCGGGTGATTATA	-1.54293965757	0.480970170004	61.1423974256	-1.54293965757	-13.5508168264	0.480970170004	-3.20797370357	0.0849696335615
GTTTCGGTACCAACTA	-0.843034742205	0.672311705946	80.7723250201	-0.843034742205	-13.1693714599	0.672311705946	-1.25393435032	0.336566013026
GTTTCGGTACGATAGC	0.448801684346	0.315145913689	36.4440868866	0.448801684346	-13.1398683659	0.315145913689	1.42410757954	0.2904326479
GTTTCGGTCCACGGCA	-1.11313360555	0.454760480009	57.8171091445	-1.11313360555	-14.5153887445	0.454760480009	-2.44773601596	0.134129730166
GTTTCGGTCTCCTCGC	-1.14728005635	0.45051618989	57.3612228479	-1.14728005635	-14.4997292943	0.45051618989	-2.54659007177	0.125761311481
GTTTCGGTTGATTATA	-0.323917629172	0.485289827086	62.2418879056	-0.323917629172	-14.9409136381	0.485289827086	-0.667472531038	0.573176988754
GTTTCGTCACCAACTA	-1.2049681265	0.570710984157	72.4054706356	-1.2049681265	-13.7257555719	0.570710984157	-2.11134560215	0.169159426796
GTTTCGTCACGATAGC	0.59129197649	0.134130244304	9.14454277286	0.59129197649	-13.3757981671	0.134130244304	4.40834190349	0.0477983227852
GTTTCGTCTACGGATA	0.144752788954	0.642909267985	78.9219629928	0.144752788954	-14.690413736	0.642909267985	0.22515274886	0.842773101108
GTTTCGTCTGATTATA	-0.620381370186	1.63463259735	99.0882274068	-0.620381370186	-14.5210873497	1.63463259735	-0.379523430032	0.740807548239
GTTTCTGCACGATAGC	0.791316679692	0.449388701346	57.0930544382	0.791316679692	-13.9305614939	0.449388701346	1.76087355406	0.220323730472
GTTTCTGCCCACGGCA	0.237382859579	0.862187021431	90.8018235452	0.237382859579	-15.1300627946	0.862187021431	0.275326412575	0.808902661904
GTTTCTGCTACGGATA	0.508899534331	0.555110462245	70.3405738804	0.508899534331	-15.4176297256	0.555110462245	0.916753635434	0.4560486702
GTTTGGCAACGATAGC	0.443364018293	0.181346399192	14.9369804237	0.443364018293	-14.5715020453	0.181346399192	2.44484599787	0.134385926083
GTTTGGCATACGGATA	-7.72298802047	2.3983779884	99.7318315902	-7.72298802047	-9.49949198662	2.3983779884	-3.22008793353	0.0844100260102
GTTTGGCTCCACGGCA	-1.33841372937	0.733220144746	85.2239206222	-1.33841372937	-8.25349019464	0.733220144746	-1.8253913766	0.209487506345
GTTTGGGCACCAACTA	-1.62319493926	0.648019494238	79.1901314025	-1.62319493926	-12.7271964433	0.648019494238	-2.5048551065	0.129202845675
GTTTGGGCACGATAGC	0.2129422992	0.29396156881	33.2260659694	0.2129422992	-12.2585313311	0.29396156881	0.724388225515	0.544106711988
GTTTGGGCCAGATAAA	-0.392817478797	0.779037733674	87.8251541968	-0.392817478797	-14.3448616927	0.779037733674	-0.504234213335	0.66416104907
GTTTGGGCCCACGGCA	0.0894566218789	0.675484039457	81.0673102709	0.0894566218789	-14.2601724705	0.675484039457	0.132433361343	0.906763389595
GTTTGGGCCGAGATAT	-0.611005961036	0.417872328634	52.6414588361	-0.611005961036	-14.0625027756	0.417872328634	-1.46218334924	0.28120072121
GTTTGGGCCTCCTCGC	-1.1234289597	0.580161155395	73.2904263878	-1.1234289597	-14.3340446507	0.580161155395	-1.93640844315	0.192439220217
GTTTGGGCGTAAGAAT	-1.69286036897	0.755459558757	86.4306784661	-1.69286036897	-13.804764741	0.755459558757	-2.24083519673	0.154332107796
GTTTGGGCTAAACAAC	0.234927900368	0.613744545056	76.427996782	0.234927900368	-14.9874409996	0.613744545056	0.382777985174	0.738735991975
GTTTGGGCTACGGATA	-0.588695912697	0.162420338137	12.36256369	-0.588695912697	-14.0950175353	0.162420338137	-3.62452091559	0.0684020457652
GTTTGGGCTATACTTA	-0.210166978218	0.086358431572	4.42477876106	-0.210166978218	-15.3832290908	0.086358431572	-2.43365904629	0.135384079429
GTTTTGGCACCAACTA	-1.46900844945	0.323606289572	37.5703942076	-1.46900844945	-12.9314978473	0.323606289572	-4.53949288624	0.0452582498611
GTTTTGGCACGATAGC	0.372696488547	0.327238849548	38.1067310271	0.372696488547	-12.6167974695	0.327238849548	1.13891272097	0.372775631469
GTTTTGGCCCACGGCA	-0.21416559874	0.588508053001	73.8803968892	-0.21416559874	-14.8800755564	0.588508053001	-0.363912775106	0.750793334339
GTTTTGGCCGAGATAT	-0.323659584252	0.80955154006	89.1123625637	-0.323659584252	-13.9797134661	0.80955154006	-0.399801085214	0.727959798808
GTTTTGGCGTAAGAAT	-0.531165093147	0.560457366986	71.3327969965	-0.531165093147	-14.7787775568	0.560457366986	-0.947735054325	0.44329818342
GTTTTGGCTACGGATA	-0.363919904313	0.899468384179	91.9549477072	-0.363919904313	-14.1876740155	0.899468384179	-0.404594436796	0.724943622053
GTTTTGGCTATACTTA	1.27079886117	0.734053180817	85.3311879861	1.27079886117	-15.1137400806	0.734053180817	1.73120816636	0.225554133021
GTTTTGGCTGATTATA	-0.680520989172	0.943978677149	93.0544381872	-0.680520989172	-14.1897363153	0.943978677149	-0.720907162042	0.545844783253
TAAACCACCAGATAAA	0.508899534331	0.555110462245	70.3405738804	0.508899534331	-15.4176297256	0.555110462245	0.916753635434	0.4560486702
TAAACCGAACCAACTA	-0.0426543735112	0.496363010909	63.9045320461	-0.0426543735112	-14.0209925248	0.496363010909	-0.0859338278109	0.939347478449
TAAACCGAACGATAGC	0.590289964514	0.0381730255229	0.858138911236	0.590289964514	-15.0560072932	0.0381730255229	15.4635362649	0.00415593202121
TAAACCGACAGATAAA	-0.00349966748725	0.706404561377	83.8026280504	-0.00349966748725	-13.7711854511	0.706404561377	-0.0049541971819	0.996496875073
TAAACCGACGAGATAT	-0.335720322964	0.49270016377	63.6363636364	-0.335720322964	-15.1728864815	0.49270016377	-0.681388697733	0.565940796502
TAAACCGACTCCTCGC	1.5219796506	0.443994320372	56.3689997318	1.5219796506	-15.6522679411	0.443994320372	3.42792594582	0.0755798529152
TAAACCGATACGGATA	0.444088905049	0.688354336624	82.6226870475	0.444088905049	-13.6960234672	0.688354336624	0.645145793993	0.584959714311
TAATCAGAACCAACTA	0.476080944136	0.830467864775	89.5950657013	0.476080944136	-14.6735101544	0.830467864775	0.573268351888	0.624329488041
TAATCAGACAGATAAA	-0.210166978218	0.086358431572	4.42477876106	-0.210166978218	-15.3832290908	0.086358431572	-2.43365904629	0.135384079429
TAATCAGATAAACAAC	0.567038272227	0.254445292388	25.6905336551	0.567038272227	-15.1070401876	0.254445292388	2.22852726771	0.155663016201
TAATCAGATACGGATA	0.0630040234462	1.14560389848	96.3529096272	0.0630040234462	-13.9292280812	1.14560389848	0.0549963416935	0.961141085892
TAATCAGATGATTATA	-0.210166978218	0.086358431572	4.42477876106	-0.210166978218	-15.3832290908	0.086358431572	-2.43365904629	0.135384079429
TACACAGAACCAACTA	0.353019562187	0.187034716697	15.6610351301	0.353019562187	-13.9613415744	0.187034716697	1.88745473794	0.199719740535
TACACAGACCACGGCA	-0.612454781338	0.671137261742	80.7455081791	-0.612454781338	-14.4978854902	0.671137261742	-0.912562625041	0.457803164094
TACACAGACTCCTCGC	0.231935419136	0.275275392202	29.8739608474	0.231935419136	-15.7184495905	0.275275392202	0.84255776472	0.488173502976
TACACAGATAAACAAC	0.386204497559	0.42235986398	53.1241619737	0.386204497559	-14.239089833	0.42235986398	0.91439677511	0.45703445361
TACACAGATACGGATA	-0.0570896942561	0.549913379324	69.4288012872	-0.0570896942561	-13.4646703216	0.549913379324	-0.103815794273	0.926788147029
TACACAGATATACTTA	0.850371911904	0.447034251652	56.8248860284	0.850371911904	-15.5055968437	0.447034251652	1.90225225195	0.197480756471
TACACCACCAGATAAA	0.846169862096	0.598266743588	74.9530705283	0.846169862096	-15.581833712	0.598266743588	1.4143688767	0.292854393429
TACACCGAACCAACTA	0.369521453896	0.266428396204	26.977742022	0.369521453896	-14.2416980719	0.266428396204	1.38694470694	0.299809973999
TACACCGAACGATAGC	-1.15303682444	0.635671866252	78.2247251274	-1.15303682444	-13.453348022	0.635671866252	-1.81388682692	0.211367374653
TACACCGACAGATAAA	-0.0941188721776	0.120413634738	7.93778492894	-0.0941188721776	-13.5250495179	0.120413634738	-0.781629691542	0.516270928373
TACACCGACTCCTCGC	0.196999470466	0.894863504823	91.8744971842	0.196999470466	-14.9033413188	0.894863504823	0.220144714143	0.846186616205
TACACCGATACGGATA	0.784111915495	0.679770888056	81.6840976133	0.784111915495	-13.8112514272	0.679770888056	1.15349440418	0.367941092618
TACACCGATGATTATA	0.793171122179	0.525621547809	67.2566371681	0.793171122179	-15.1745455706	0.525621547809	1.50901561301	0.270344931854
TACCCAGAACCAACTA	0.135398365505	0.0707925976113	2.81576830249	0.135398365505	-13.3324757969	0.0707925976113	1.91260626215	0.195934006248
TACCCAGACCACGGCA	-0.0151430312955	0.472533104429	59.7479216948	-0.0151430312955	-14.1642567195	0.472533104429	-0.0320464982317	0.977345519454
TACCCAGATAAACAAC	0.316544934233	0.61977319509	76.9911504425	0.316544934233	-14.183791919	0.61977319509	0.510743182733	0.660323205865
TACCCAGATACGGATA	0.151785161254	0.468927260858	59.3993027621	0.151785161254	-13.0502254988	0.468927260858	0.323685940067	0.776888864806
TACCCAGATATACTTA	1.32641101424	0.442699728335	55.8594797533	1.32641101424	-15.0875458502	0.442699728335	2.99618664603	0.0956753418092
TACCCAGATGATTATA	-0.689216402013	0.676359478613	81.2550281577	-0.689216402013	-14.8027247357	0.676359478613	-1.01900900898	0.415402404197
TACCCGAAACGATAGC	0.0122865748096	1.30084557408	97.8814695629	0.0122865748096	-14.4084406224	1.30084557408	0.00944506792692	0.993321477365
TACCCGAACTCCTCGC	-0.210166978218	0.086358431572	4.42477876106	-0.210166978218	-15.3832290908	0.086358431572	-2.43365904629	0.135384079429
TACCCGAATACGGATA	0.995419463195	0.222804719545	20.0589970501	0.995419463195	-15.4236824937	0.222804719545	4.46767674054	0.046623956383
TACGCAGAACCAACTA	-0.0839051831518	0.361732875891	43.7114507911	-0.0839051831518	-13.1588459604	0.361732875891	-0.231953435101	0.838146729114
TACGCAGAACGATAGC	1.45072967704	0.359630884576	43.2823813355	1.45072967704	-15.9738160004	0.359630884576	4.03394074107	0.056312038884
TACGCAGACAGATAAA	1.28398851811	0.540378017332	68.6779297399	1.28398851811	-15.4612818402	0.540378017332	2.37609317352	0.140686832255
TACGCAGACCACGGCA	0.390981154717	0.616410108805	76.5888978278	0.390981154717	-14.4966051674	0.616410108805	0.634287382915	0.590767044283
TACGCAGAGTAAGAAT	-1.14728005635	0.45051618989	57.3612228479	-1.14728005635	-14.4997292943	0.45051618989	-2.54659007177	0.125761311481
TACGCAGATAAACAAC	0.616010568302	0.145986259439	10.5658353446	0.616010568302	-14.1787715314	0.145986259439	4.21964759334	0.0518346287189
TACGCAGATACGGATA	0.404767599152	0.3519435028	42.5315097881	0.404767599152	-12.806978853	0.3519435028	1.15009254591	0.369062439551
TACGCAGATATACTTA	0.846169862096	0.598266743588	74.9530705283	0.846169862096	-15.581833712	0.598266743588	1.4143688767	0.292854393429
TACGCAGATGATTATA	0.42450804273	1.01896574932	94.7438991687	0.42450804273	-14.8548774466	1.01896574932	0.416606782922	0.717420664879
TACTAAGAACCAACTA	0.206608086036	0.165390728056	12.9793510324	0.206608086036	-13.8153612122	0.165390728056	1.24921202334	0.33796829356
TACTAAGACCACGGCA	0.234927900368	0.613744545056	76.427996782	0.234927900368	-14.9874409996	0.613744545056	0.382777985174	0.738735991975
TACTAAGATAAACAAC	1.04371349464	0.277364827416	30.0616787342	1.04371349464	-15.041238563	0.277364827416	3.76296268119	0.0639248069361
TACTAAGATACGGATA	0.332570544375	0.405991995233	50.6301957629	0.332570544375	-13.1525287455	0.405991995233	0.819155422472	0.498780339848
TACTCAAAACCAACTA	-1.06376881537	0.629132985425	77.9565567176	-1.06376881537	-14.0212491762	0.629132985425	-1.69084889843	0.23293407595
TACTCAAACAGATAAA	0.106998493537	0.790972749855	88.5223920622	0.106998493537	-15.3140955054	0.790972749855	0.135274563576	0.904781054707
TACTCAAACCACGGCA	-0.206457057361	0.47414199722	60.1233574685	-0.206457057361	-14.4725997952	0.47414199722	-0.435432968545	0.705734918268
TACTCAAACTCCTCGC	-0.323917629172	0.485289827086	62.2418879056	-0.323917629172	-14.9409136381	0.485289827086	-0.667472531038	0.573176988754
TACTCAAATAAACAAC	-0.22242928154	0.50802080123	65.1112898901	-0.22242928154	-14.2467366348	0.50802080123	-0.437834988256	0.704253262839
TACTCAAATACGGATA	0.722085922108	0.476533599795	60.4719764012	0.722085922108	-13.7116087711	0.476533599795	1.51528858074	0.268931308088
TACTCAAATATACTTA	0.755244290181	0.233710233496	22.418879056	0.755244290181	-15.8280952561	0.233710233496	3.23154137875	0.0838857903038
TACTCACAACCAACTA	0.340784299101	0.694838450252	82.8640386163	0.340784299101	-14.5153323747	0.694838450252	0.490451124254	0.672343219133
TACTCACACAGATAAA	0.516304096045	0.932760697954	92.8935371413	0.516304096045	-15.4882463861	0.932760697954	0.553522567125	0.635523762523
TACTCACACCACGGCA	0.323182031976	0.99660521143	94.5293644409	0.323182031976	-15.154650931	0.99660521143	0.324282903872	0.776497924553
TACTCACATAAACAAC	0.769109485329	0.533930905297	67.9002413516	0.769109485329	-15.2688215816	0.533930905297	1.4404663182	0.286420561879
TACTCACATACGGATA	0.373771514755	0.482199797491	61.5982837222	0.373771514755	-13.8531220519	0.482199797491	0.775138265715	0.519357228906
TACTCACATATACTTA	0.54026026975	0.460412622236	58.3266291231	0.54026026975	-15.3288581789	0.460412622236	1.17342627821	0.361450116336
TACTCACATGATTATA	0.106998493537	0.790972749855	88.5223920622	0.106998493537	-15.3140955054	0.790972749855	0.135274563576	0.904781054707
TACTCAGAAAAACAAC	0.380549070731	0.614159709159	76.4816304639	0.380549070731	-14.285952985	0.614159709159	0.619625587703	0.598688079834
TACTCAGAAAAGAATC	-0.203315512381	0.254833985081	25.7173504961	-0.203315512381	-7.76488502177	0.254833985081	-0.797835156551	0.508644399997
TACTCAGAAACAACTA	-0.14501399826	0.633658771828	78.0370072405	-0.14501399826	-13.6486880093	0.633658771828	-0.228851875342	0.840255354403
TACTCAGAAACGGATA	0.114142482335	0.173183973084	13.7570394208	0.114142482335	-13.7987078131	0.173183973084	0.659082248212	0.577579886005
TACTCAGAAATACTTA	0.292295523331	0.174390658175	14.0520246715	0.292295523331	-15.058530232	0.174390658175	1.67609622207	0.235710173993
TACTCAGAACAAACTA	0.652387702395	0.214980353126	19.3617591848	0.652387702395	-14.0075725901	0.214980353126	3.03463871424	0.093593654866
TACTCAGAACACGGCA	0.265960472095	0.689892480085	82.6763207294	0.265960472095	-14.8390163492	0.689892480085	0.385510032031	0.736999798787
TACTCAGAACCAAATA	0.121166801016	0.444970962132	56.5030839367	0.121166801016	-14.4442815594	0.444970962132	0.272302714846	0.810925909599
TACTCAGAACCAACAA	0.00859399581215	0.696357604542	82.9713059802	0.00859399581215	-14.1447756878	0.696357604542	0.0123413541492	0.99127367706
TACTCAGAACCAACCA	0.501217616506	0.0557397070422	1.85036202735	0.501217616506	-12.9673753491	0.0557397070422	8.99211070714	0.0121425534628
TACTCAGAACCAACTA	0.195922665591	0.0676299213989	2.52078305176	0.195922665591	-4.0375458602	0.0676299213989	2.89698200943	0.101360131991
TACTCAGAACCAACTC	0.373683798996	0.489036027717	62.7245910432	0.373683798996	-12.8206724586	0.489036027717	0.764123250267	0.524635353789
TACTCAGAACCAACTG	0.00344651940778	0.601507780636	75.328506302	0.00344651940778	-13.1834271018	0.601507780636	0.00572980020997	0.99594845267
TACTCAGAACCAACTT	-0.200007346552	0.501233161337	64.1995172969	-0.200007346552	-13.1874144421	0.501233161337	-0.399030554998	0.728445400167
TACTCAGAACCAAGTA	0.425418714288	0.23391513883	22.445695897	0.425418714288	-14.6603766672	0.23391513883	1.81868824915	0.210580108182
TACTCAGAACCAATTA	0.462023907518	0.533874424069	67.8734245106	0.462023907518	-14.64948856	0.533874424069	0.865416822173	0.47803400961
TACTCAGAACCACCTA	-0.247786778752	1.10252119541	95.7897559667	-0.247786778752	-14.6182509605	1.10252119541	-0.224745591998	0.843050413734
TACTCAGAACCAGCTA	0.453434127381	0.619945941522	77.0179672835	0.453434127381	-13.7494475884	0.619945941522	0.731409139106	0.54061703689
TACTCAGAACCATCTA	-0.398520098321	0.369889331667	45.0522928399	-0.398520098321	-13.0822775233	0.369889331667	-1.07740360211	0.393989685017
TACTCAGAACCCACTA	1.52948220166	0.455409824642	57.8707428265	1.52948220166	-15.2736596306	0.455409824642	3.35847432116	0.0783763154126
TACTCAGAACCGACTA	0.610585408434	0.140213659644	9.84178063824	0.610585408434	-13.440347973	0.140213659644	4.35467849554	0.0488980962966
TACTCAGAACCTACTA	0.830316131376	0.745139479296	85.9211584875	0.830316131376	-13.8994895586	0.745139479296	1.1143096755	0.381100081866
TACTCAGAACGAACTA	0.0604773626186	1.05755229081	95.3070528292	0.0604773626186	-14.1528910191	1.05755229081	0.0571861676666	0.959596292196
TACTCAGAACGACAGC	-0.612454781338	0.671137261742	80.7455081791	-0.612454781338	-14.4978854902	0.671137261742	-0.912562625041	0.457803164094
TACTCAGAACGATACC	-0.871821680154	0.346976432363	41.8342719228	-0.871821680154	-14.8815348654	0.346976432363	-2.51262506279	0.128552235038
TACTCAGAACGATAGA	-0.471265084708	0.558717633084	70.7160096541	-0.471265084708	-14.7931002718	0.558717633084	-0.843476305028	0.487761868833
TACTCAGAACGATAGC	-0.333759037428	0.205447412077	18.1281844999	-0.333759037428	-5.90482241139	0.205447412077	-1.62454729438	0.245754081731
TACTCAGAACGATAGT	-1.43465783626	0.553238621864	69.8578707428	-1.43465783626	-14.1984486399	0.553238621864	-2.59319899147	0.122067623319
TACTCAGAACTAACTA	-0.589313181306	0.147854951155	10.8071869134	-0.589313181306	-13.4252237199	0.147854951155	-3.98575209488	0.0575658782312
TACTCAGAAGCAACAA	0.743916678797	0.293465645892	33.1724322875	0.743916678797	-15.3659937309	0.293465645892	2.53493616445	0.126709286354
TACTCAGAAGCAACTA	1.27052931276	0.485060217623	62.0809868597	1.27052931276	-15.2690604682	0.485060217623	2.6193228523	0.12006359552
TACTCAGAAGCAATAA	0.575743424014	0.31890144942	36.9267900241	0.575743424014	-6.46486120615	0.31890144942	1.80539607161	0.212769118368
TACTCAGAAGCAATAC	0.548264468816	1.24430228751	97.3987664253	0.548264468816	-14.6873792222	1.24430228751	0.440619995895	0.702538034823
TACTCAGAAGCAATCA	-0.603004524543	0.296216591949	33.5746849021	-0.603004524543	-7.66207690301	0.296216591949	-2.03568787479	0.178732383595
TACTCAGAAGCATTAA	1.1348034403	0.400640607605	50.1206757844	1.1348034403	-15.5788695987	0.400640607605	2.83247234244	0.105317405429
TACTCAGAAGCGATAA	0.428077851794	0.313043486535	36.2295521588	0.428077851794	-15.1121267249	0.313043486535	1.36747087931	0.304873385415
TACTCAGAAGGATAGC	0.231935419136	0.275275392202	29.8739608474	0.231935419136	-15.7184495905	0.275275392202	0.84255776472	0.488173502976
TACTCAGAATACGGAT	0.517687572225	0.791560292351	88.5492089032	0.517687572225	-14.1563721627	0.791560292351	0.654009021458	0.580256728303
TACTCAGAATACTTAT	0.373082799677	0.559898160913	71.1718959507	0.373082799677	-15.6041874304	0.559898160913	0.666340462822	0.573769296079
TACTCAGAATCAACTA	0.00352228307383	0.317976887931	36.8195226602	0.00352228307383	-13.6634861117	0.317976887931	0.0110771669499	0.992167500399
TACTCAGACAAACAAC	0.743936590197	0.163291414114	12.4966478949	0.743936590197	-13.3410374584	0.163291414114	4.5558830771	0.0449547841594
TACTCAGACAACGGCA	-0.0809586324929	0.126011275841	8.34003754358	-0.0809586324929	-14.547511669	0.126011275841	-0.642471334032	0.58638541415
TACTCAGACACAACTA	0.991547339569	0.415183376105	52.2392062215	0.991547339569	-15.3257722679	0.415183376105	2.38821541669	0.139546511179
TACTCAGACACGGATA	0.36063652325	0.144226664572	10.136765889	0.36063652325	-12.2165253474	0.144226664572	2.50048438906	0.129570846161
TACTCAGACAGATAAA	0.487284965076	0.0823412856401	3.56663984983	0.487284965076	-5.99220839567	0.0823412856401	5.91786928377	0.0273865793878
TACTCAGACAGATAAC	2.03343814383	0.513321316296	65.7012603915	2.03343814383	-15.0230635542	0.513321316296	3.96133587147	0.0582167351727
TACTCAGACAGATAAT	0.148644951618	0.70025279724	83.4540091177	0.148644951618	-15.229452541	0.70025279724	0.212273270745	0.851562958199
TACTCAGACAGATACA	-0.436839346154	0.85195548395	90.2654867257	-0.436839346154	-14.6083472323	0.85195548395	-0.512749027836	0.659143912561
TACTCAGACAGATAGA	1.45072967704	0.359630884576	43.2823813355	1.45072967704	-15.9738160004	0.359630884576	4.03394074107	0.056312038884
TACTCAGACAGATATA	0.186309992455	0.971747960739	93.6980423706	0.186309992455	-15.1811356669	0.971747960739	0.191726661627	0.865657731877
TACTCAGACAGATGAA	0.343456655586	0.421787225427	52.9900777688	0.343456655586	-14.1778360004	0.421787225427	0.814288899428	0.501014970783
TACTCAGACATACTTA	0.8447407807	0.122109476968	8.07186913382	0.8447407807	-14.2179665753	0.122109476968	6.91789696981	0.0202625290233
TACTCAGACCAAGGCA	-0.488264324477	0.336625869786	39.8498256905	-0.488264324477	-14.4392280177	0.336625869786	-1.45046583849	0.284002172275
TACTCAGACCACAGCA	-0.0200363041693	0.548638877742	69.3483507643	-0.0200363041693	-13.877248414	0.548638877742	-0.0365200225178	0.974185050421
TACTCAGACCACGACA	-0.139250517287	0.165350169503	12.9525341915	-0.139250517287	-12.4800436857	0.165350169503	-0.842155273898	0.488353986157
TACTCAGACCACGCCA	0.124624450088	0.481844833014	61.5446500402	0.124624450088	-13.9775807908	0.481844833014	0.258640212677	0.820097637479
TACTCAGACCACGGCA	-0.0484283353191	0.202045694474	17.7795655672	-0.0484283353191	-4.95131582295	0.202045694474	-0.239690013911	0.83289664934
TACTCAGACCACGGCC	0.318487199914	0.457296763143	58.0048270314	0.318487199914	-13.871885426	0.457296763143	0.696456274314	0.55819953123
TACTCAGACCACGGCG	-0.378249901441	0.520305522547	66.5325824618	-0.378249901441	-13.7091454473	0.520305522547	-0.726976526386	0.54281776167
TACTCAGACCACGGCT	-0.126959644778	0.388145877355	48.1094127112	-0.126959644778	-14.2100998156	0.388145877355	-0.32709260148	0.774659357618
TACTCAGACCACGGGA	-0.741701738532	1.61515008089	99.0614105658	-0.741701738532	-13.9502039963	1.61515008089	-0.459215367852	0.691159710866
TACTCAGACCACGGTA	-1.01376724588	0.995022254334	94.3148297131	-1.01376724588	-13.5273955651	0.995022254334	-1.01883876613	0.415466698584
TACTCAGACCACGTCA	-0.157000578136	0.623950795349	77.3934030571	-0.157000578136	-14.6688341171	0.623950795349	-0.251623332009	0.824826577654
TACTCAGACCACTGCA	0.510777833444	0.709344342376	84.0171627782	0.510777833444	-14.8253600936	0.709344342376	0.720070356427	0.546263369951
TACTCAGACCAGATAT	0.0647171085394	0.594184035631	74.5240010727	0.0647171085394	-14.7596369136	0.594184035631	0.108917615854	0.92321101636
TACTCAGACCATGGCA	-0.200854012064	1.13417585494	96.1115580585	-0.200854012064	-13.9881357021	1.13417585494	-0.177092477492	0.875747115693
TACTCAGACCCAACTA	0.0930574721697	0.338132816228	40.1448109413	0.0930574721697	-12.847840525	0.338132816228	0.27520982201	0.808980631227
TACTCAGACCCCCCCC	-0.00450108829881	0.0681831789193	2.60123357468	-0.00450108829881	-12.2383120859	0.0681831789193	-0.0660146442297	0.953371370878
TACTCAGACCCCGGCA	-0.612454781338	0.671137261742	80.7455081791	-0.612454781338	-14.4978854902	0.671137261742	-0.912562625041	0.457803164094
TACTCAGACCCCTCGC	-0.73771324169	1.26545913483	97.720568517	-0.73771324169	-13.9550037274	1.26545913483	-0.582960935983	0.618893766021
TACTCAGACCGCGGCA	0.0623243532678	0.974408960355	93.8321265755	0.0623243532678	-13.9563674441	0.974408960355	0.063961186528	0.954818797119
TACTCAGACCTATTTA	0.862780437099	0.133112374734	9.01045856798	0.862780437099	-9.258646875	0.133112374734	6.48159450855	0.022985729425
TACTCAGACCTCGGCA	-0.694955621203	0.292215976731	32.8238133548	-0.694955621203	-14.0990093997	0.292215976731	-2.37822595799	0.140485269949
TACTCAGACGACGGCA	1.65371798131	0.100656031141	5.89970501475	1.65371798131	-15.9270366162	0.100656031141	16.4293978469	0.00368426998672
TACTCAGACGAGACAT	-0.545648905284	0.720194935907	84.4194153929	-0.545648905284	-14.4571566287	0.720194935907	-0.757640574905	0.527765914969
TACTCAGACGAGATAC	-0.760622296304	0.346480747716	41.4588361491	-0.760622296304	-14.4794181821	0.346480747716	-2.19528011677	0.159337867463
TACTCAGACGAGATAT	-0.51896982817	0.484599018824	62.0273531778	-0.51896982817	-6.55383246918	0.484599018824	-1.07092628753	0.396302644881
TACTCAGACGATTATA	0.890865988236	0.810043378218	89.1391794047	0.890865988236	-14.4084034115	0.810043378218	1.0997756567	0.386117895929
TACTCAGACGCAATAA	1.09208462557	0.537402080967	68.4365781711	1.09208462557	-15.3725984751	0.537402080967	2.03215555772	0.179197083942
TACTCAGACGGATAAA	1.0014771798	0.450274358074	57.253955484	1.0014771798	-15.5768574586	0.450274358074	2.2241488147	0.156140278685
TACTCAGACGGGATAT	-0.335720322964	0.49270016377	63.6363636364	-0.335720322964	-15.1728864815	0.49270016377	-0.681388697733	0.565940796502
TACTCAGACTAAGAAT	-0.836689852067	1.80963908903	99.4368463395	-0.836689852067	-14.2004050837	1.80963908903	-0.462351778949	0.689253414186
TACTCAGACTACCGGC	-0.627880609689	0.336423819909	39.7157414857	-0.627880609689	-14.9642005579	0.336423819909	-1.86633815007	0.202973844378
TACTCAGACTACGGCA	-0.466155975241	0.230080660824	21.5607401448	-0.466155975241	-14.1818916472	0.230080660824	-2.02605457395	0.180003565522
TACTCAGACTATACTT	0.362159798535	0.725190472601	84.8753016895	0.362159798535	-14.5552082875	0.725190472601	0.499399553934	0.667022557762
TACTCAGACTCCTCGA	-0.210166978218	0.086358431572	4.42477876106	-0.210166978218	-15.3832290908	0.086358431572	-2.43365904629	0.135384079429
TACTCAGACTCCTCGC	-0.32280463671	0.136979545179	9.4395280236	-0.32280463671	-5.94966127494	0.136979545179	-2.35659007546	0.142548735607
TACTCAGACTCCTTGC	-0.118798341702	0.382194148327	46.9562885492	-0.118798341702	-15.0395552503	0.382194148327	-0.310832445296	0.785332245549
TACTCAGACTGATAAA	-0.888691323038	0.278755261687	30.383480826	-0.888691323038	-14.7779071872	0.278755261687	-3.18807012883	0.0859006738431
TACTCAGAGCAAGAAT	0.231935430642	0.275275388953	28.6672030035	0.231935430642	-14.87115174	0.275275388953	0.842557816464	0.488173479778
TACTCAGAGCACGGCA	0.590289964514	0.0381730255229	0.858138911236	0.590289964514	-15.0560072932	0.0381730255229	15.4635362649	0.00415593202121
TACTCAGAGCCAACTA	-0.0264738401535	0.442845096495	55.8862965943	-0.0264738401535	-13.0384698445	0.442845096495	-0.0597812651941	0.957765979134
TACTCAGAGTAACAAC	0.634061251541	0.0319402314227	0.589970501475	0.634061251541	-14.134315379	0.0319402314227	19.8514920932	0.00252792660212
TACTCAGAGTAAGAAC	0.065579788796	0.442051481071	55.6717618665	0.065579788796	-14.1594178019	0.442051481071	0.148353283733	0.895670853602
TACTCAGAGTAAGAAT	-0.413266063538	0.0877024336142	4.50522928399	-0.413266063538	-6.19424150011	0.0877024336142	-4.71213906511	0.0422057115508
TACTCAGAGTAAGATT	-0.210166978218	0.086358431572	4.42477876106	-0.210166978218	-15.3832290908	0.086358431572	-2.43365904629	0.135384079429
TACTCAGAGTACCGCC	-0.0404709635536	0.778932924726	87.7178868329	-0.0404709635536	-15.3837788856	0.778932924726	-0.0519569301398	0.963285671803
TACTCAGAGTACCGGC	-1.30178202676	0.317142619543	36.6586216144	-1.30178202676	-6.3983004325	0.317142619543	-4.10472117759	0.0545413341672
TACTCAGAGTACGGAT	-0.171024911114	1.29394617965	97.80101904	-0.171024911114	-10.2303537241	1.29394617965	-0.132173125748	0.906945014349
TACTCAGAGTAGGAAT	0.463515213411	0.641467921287	78.8415124698	0.463515213411	-15.4963576118	0.641467921287	0.722585180068	0.545006311067
TACTCAGATAAACAAA	0.991547339569	0.415183376105	52.2392062215	0.991547339569	-15.3257722679	0.415183376105	2.38821541669	0.139546511179
TACTCAGATAAACAAC	0.768826221198	0.0415642594609	1.09949048002	0.768826221198	-5.12259221088	0.0415642594609	18.4972914511	0.00290994537503
TACTCAGATAAACACC	0.410210268694	0.176262005739	14.3201930813	0.410210268694	-14.3813485968	0.176262005739	2.32727562004	0.145412064477
TACTCAGATAAACAGC	0.886829695793	0.171750140335	13.6229552159	0.886829695793	-14.448671975	0.171750140335	5.16348745955	0.0355207458671
TACTCAGATAAACATC	1.13581817037	0.838787841572	89.7827835881	1.13581817037	-14.8199826086	0.838787841572	1.35411854354	0.30840604313
TACTCAGATAAACCAC	0.41227507915	0.382991894964	47.144006436	0.41227507915	-14.9384445429	0.382991894964	1.07645901799	0.394326030165
TACTCAGATAAACGAC	0.801646509622	0.228880270729	21.399839099	0.801646509622	-13.9937928821	0.228880270729	3.50247099529	0.0727355623779
TACTCAGATAAACTAC	0.491425043179	0.201578541579	17.7259318852	0.491425043179	-14.8051453769	0.201578541579	2.43788371187	0.135005926084
TACTCAGATAAAGAAC	0.106998493537	0.790972749855	88.5223920622	0.106998493537	-15.3140955054	0.790972749855	0.135274563576	0.904781054707
TACTCAGATAAATAAC	-0.134680532863	0.709695388898	84.0439796192	-0.134680532863	-14.5804696608	0.709695388898	-0.189772309318	0.86700279544
TACTCAGATAACCAAC	0.904226538389	0.98092440411	93.9125770984	0.904226538389	-14.7420613786	0.98092440411	0.921810625366	0.45394110664
TACTCAGATAAGCAAC	0.234803238788	0.490290208584	62.91230893	0.234803238788	-14.5783332698	0.490290208584	0.478906644835	0.679253754595
TACTCAGATAAGGATA	0.142394635391	0.305903594035	35.3445964065	0.142394635391	-13.7537785519	0.305903594035	0.465488598916	0.687350612187
TACTCAGATAATCAAC	0.693060445876	0.184094313091	15.3392330383	0.693060445876	-14.4484734127	0.184094313091	3.76470317979	0.0638712541358
TACTCAGATACAACTA	-0.256118290658	0.503957054387	64.6285867525	-0.256118290658	-14.8854528554	0.503957054387	-0.508214516354	0.661812166239
TACTCAGATACACAAC	0.357138440258	0.0958733310116	5.22928399035	0.357138440258	-14.3196807005	0.0958733310116	3.72510724817	0.0651058626845
TACTCAGATACACTTA	0.745807623438	0.708057570334	83.9098954143	0.745807623438	-14.8198957949	0.708057570334	1.05331494879	0.402669217594
TACTCAGATACAGATA	0.910981449023	1.49416146012	98.7127916331	0.910981449023	-12.33462734	1.49416146012	0.609694114953	0.604105323363
TACTCAGATACCGATA	-0.26993796641	0.328186933283	38.18718155	-0.26993796641	-13.1498500653	0.328186933283	-0.822512839588	0.497244486992
TACTCAGATACGAATA	0.497943276222	0.963584788717	93.268972915	0.497943276222	-13.4075643081	0.963584788717	0.516761246185	0.656789839735
TACTCAGATACGCATA	0.202365139752	0.572136840004	72.7540895682	0.202365139752	-13.4953023917	0.572136840004	0.353700593289	0.757369338252
TACTCAGATACGGAAA	0.548487301612	0.325586806348	37.9190131403	0.548487301612	-13.7265534119	0.325586806348	1.68461157184	0.234102571815
TACTCAGATACGGACA	0.0533398928926	0.356803067902	42.9873960847	0.0533398928926	-12.5189259132	0.356803067902	0.1494939301	0.894877527334
TACTCAGATACGGATA	0.259945460103	0.185612384579	15.6074014481	0.259945460103	-3.65120228371	0.185612384579	1.40047476193	0.296353066294
TACTCAGATACGGATC	0.167465394123	0.277275572738	30.0348618933	0.167465394123	-12.2711596515	0.277275572738	0.603967354463	0.607247997172
TACTCAGATACGGATG	0.14046269907	0.3944452094	49.1552695093	0.14046269907	-13.2395057838	0.3944452094	0.356101926765	0.755819981978
TACTCAGATACGGATT	0.256465098886	0.0809090539719	3.45937248592	0.256465098886	-13.2131016633	0.0809090539719	3.16979480412	0.0867684740443
TACTCAGATACGGCTA	-0.118836268149	0.913297796181	92.2499329579	-0.118836268149	-13.1181593817	0.913297796181	-0.130117765143	0.908379825547
TACTCAGATACGGGTA	-0.514865814283	0.312244506388	36.0150174309	-0.514865814283	-12.7931029082	0.312244506388	-1.64891872795	0.240937832346
TACTCAGATACGGTTA	0.404804516547	0.43103079693	54.2504692947	0.404804516547	-13.2347610659	0.43103079693	0.939154509215	0.446791025965
TACTCAGATACGTATA	-0.0161238499116	0.952836013268	93.1617055511	-0.0161238499116	-13.0844521886	0.952836013268	-0.0169219568605	0.988035226058
TACTCAGATACTGATA	0.0807804874182	0.436888403398	54.8404397962	0.0807804874182	-12.9517571412	0.436888403398	0.184899591726	0.870359581825
TACTCAGATAGACAAC	0.204553825708	0.882225869146	91.4722445696	0.204553825708	-13.9748239571	0.882225869146	0.231861060599	0.838209498938
TACTCAGATAGATAAA	-0.248757307015	0.673771626	80.933226066	-0.248757307015	-14.6980102297	0.673771626	-0.369201221031	0.747401342212
TACTCAGATAGGGATA	0.231935424889	0.275275390577	28.9621882542	0.231935424889	-15.2076239716	0.275275390577	0.842557790592	0.488173491377
TACTCAGATATACCTA	-0.306688275144	0.593071471532	74.4703673907	-0.306688275144	-13.9961572254	0.593071471532	-0.517118576539	0.656580497222
TACTCAGATATACTCA	1.1900762734	0.251628683671	25.3150978815	1.1900762734	-14.6882406401	0.251628683671	4.72949369699	0.0419157028999
TACTCAGATATACTTA	0.504535375274	0.134155766051	9.17135961384	0.504535375274	-5.61480006291	0.134155766051	3.76081766833	0.0639908957325
TACTCAGATATACTTC	-0.0358435369023	0.354371243603	42.746044516	-0.0358435369023	-13.824724393	0.354371243603	-0.101146855309	0.92866060272
TACTCAGATATACTTG	0.565708693694	0.224332683413	20.3271654599	0.565708693694	-15.2775574157	0.224332683413	2.52173996713	0.127794825401
TACTCAGATATACTTT	1.10541991347	0.422272968371	53.0973451327	1.10541991347	-15.6565651744	0.422272968371	2.61778516805	0.120180271135
TACTCAGATATAGTTA	0.755244290181	0.233710233496	22.418879056	0.755244290181	-15.8280952561	0.233710233496	3.23154137875	0.0838857903038
TACTCAGATATATTTA	0.650545928086	1.25928853982	97.6937516761	0.650545928086	-15.3795744317	1.25928853982	0.516597989669	0.656885500832
TACTCAGATATCCTTA	0.45525987147	0.438310900122	55.108608206	0.45525987147	-15.2997827181	0.438310900122	1.03866883379	0.408051345445
TACTCAGATATGCTTA	0.540629590509	1.50148281748	98.7664253151	0.540629590509	-14.7521673426	1.50148281748	0.360063787753	0.753267849886
TACTCAGATATGGATA	0.206370854668	0.444927808735	56.4762670957	0.206370854668	-12.4396253042	0.444927808735	0.463829975597	0.688356269615
TACTCAGATATTCTTA	0.428077851794	0.313043486535	36.2295521588	0.428077851794	-15.1121267249	0.313043486535	1.36747087931	0.304873385415
TACTCAGATCAACAAC	0.749310281683	0.477764780281	60.686511129	0.749310281683	-14.0124493198	0.477764780281	1.56836651132	0.257338075885
TACTCAGATCACGGCA	0.329489060238	0.507715269204	65.0844730491	0.329489060238	-13.9233079468	0.507715269204	0.64896425265	0.582929460335
TACTCAGATCATTATA	0.344585705814	0.803879141411	89.0050951998	0.344585705814	-14.719719417	0.803879141411	0.428653622246	0.709928111246
TACTCAGATCCAACTA	0.0496169831003	0.345329743059	41.0297666935	0.0496169831003	-13.4526240946	0.345329743059	0.143680016268	0.898923202961
TACTCAGATCCACGGC	0.106998493537	0.790972749855	88.5223920622	0.106998493537	-15.3140955054	0.790972749855	0.135274563576	0.904781054707
TACTCAGATCCGGATA	0.105025839213	0.0467568497749	1.31402520783	0.105025839213	-12.6666869461	0.0467568497749	2.24621290182	0.153755501257
TACTCAGATCTACTTA	-0.397027381622	0.292787219417	33.0383480826	-0.397027381622	-14.1123997156	0.292787219417	-1.35602702335	0.307898045133
TACTCAGATGAACAAC	1.15223062694	0.312209737984	35.98820059	1.15223062694	-14.8607054875	0.312209737984	3.69056594578	0.0662113207549
TACTCAGATGACTATA	1.04385634484	0.576934912683	73.022257978	1.04385634484	-15.0733793139	0.576934912683	1.80931387907	0.212120802987
TACTCAGATGATCATA	0.885946530326	1.7891194662	99.3832126575	0.885946530326	-15.189012048	1.7891194662	0.495185786675	0.669524105352
TACTCAGATGATTAAA	-0.240622361566	0.342763551039	40.6543309198	-0.240622361566	-14.8999270744	0.342763551039	-0.702006852352	0.555372370241
TACTCAGATGATTACA	0.568132917986	0.520191039434	66.4789487798	0.568132917986	-14.6277419685	0.520191039434	1.09216206147	0.388776551412
TACTCAGATGATTATA	0.196983941621	0.291925117707	32.7701796728	0.196983941621	-5.77880488515	0.291925117707	0.67477558344	0.569369164925
TACTCAGATGATTATC	0.0834152957934	0.557744408435	70.5551086082	0.0834152957934	-14.1835536455	0.557744408435	0.149558282489	0.894832775834
TACTCAGATGATTATT	-0.385467366555	0.301957220311	34.6741753821	-0.385467366555	-15.0531433823	0.301957220311	-1.27656283946	0.329942525495
TACTCAGATGATTGTA	0.516304096045	0.932760697954	92.8935371413	0.516304096045	-15.4882463861	0.932760697954	0.553522567125	0.635523762523
TACTCAGATGCGGATA	0.550509433948	1.24157886032	97.3183159024	0.550509433948	-12.4893931102	1.24157886032	0.443394657837	0.700832037922
TACTCAGATGCTTATA	-0.118798341702	0.382194148327	46.9562885492	-0.118798341702	-15.0395552503	0.382194148327	-0.310832445296	0.785332245549
TACTCAGATGTACTTA	0.396825710511	0.309110742139	35.7468490212	0.396825710511	-14.9469728331	0.309110742139	1.28376551318	0.327867211619
TACTCAGATGTTTATA	-0.0346369704607	0.345623300559	41.3515687852	-0.0346369704607	-15.3080019405	0.345623300559	-0.100215958833	0.929313873081
TACTCAGATTACGGAT	0.543780535393	0.417401946828	52.5610083132	0.543780535393	-13.9847801793	0.417401946828	1.30277431508	0.322465386684
TACTCAGATTCGGATA	0.262876458105	0.187963393225	15.8219361759	0.262876458105	-13.2122645824	0.187963393225	1.39855135404	0.296841474527
TACTCAGATTTACTTA	0.231935436396	0.275275387329	28.5599356396	0.231935436396	-14.6198373166	0.275275387329	0.842557842335	0.488173468178
TACTCAGCTACGGATA	0.608397775907	0.832700772195	89.6486993832	0.608397775907	-14.9747584741	0.832700772195	0.73063193433	0.541002297869
TACTCAGGACCAACTA	0.220613761949	0.627048727577	77.7152051488	0.220613761949	-12.1507395192	0.627048727577	0.35182873714	0.758578361929
TACTCAGGACGATAGC	-0.00128258666996	0.471364108033	59.587020649	-0.00128258666996	-13.9557798126	0.471364108033	-0.00272101046324	0.998075958611
TACTCAGGCAGATAAA	0.477710717347	0.388277591969	48.1898632341	0.477710717347	-13.8953663217	0.388277591969	1.23033295567	0.343644494564
TACTCAGGCCACGGCA	-0.528824891148	0.291804435352	32.7433628319	-0.528824891148	-13.1060383639	0.291804435352	-1.81225789289	0.211635347675
TACTCAGGCGAGATAT	-0.929847560887	0.827617390385	89.5414320193	-0.929847560887	-14.52509061	0.827617390385	-1.12352346832	0.377957771393
TACTCAGGCTCCTCGC	-0.284690653193	0.65012617054	79.4314829713	-0.284690653193	-13.8115120267	0.65012617054	-0.437900620054	0.70421280858
TACTCAGGGTAAGAAT	-0.750596177691	0.298419974853	34.0305711987	-0.750596177691	-14.1261552426	0.298419974853	-2.51523437082	0.128334773325
TACTCAGGGTACCGGC	-0.280530699262	0.365622992274	44.3550549745	-0.280530699262	-14.5773900103	0.365622992274	-0.767267664206	0.523123346019
TACTCAGGTAAACAAC	0.146828073776	0.131371092662	8.79592384017	0.146828073776	-13.1094393287	0.131371092662	1.11765892177	0.379954382438
TACTCAGGTACGGATA	0.327339487488	0.394573961627	49.1820863502	0.327339487488	-12.0234671903	0.394573961627	0.829602354241	0.494016970487
TACTCAGGTATACTTA	0.431513704345	0.26235044711	26.6023062483	0.431513704345	-13.7968193198	0.26235044711	1.64479881433	0.241743378946
TACTCAGGTGATTATA	-0.406375235903	0.511064912581	65.4062751408	-0.406375235903	-13.9302798133	0.511064912581	-0.795153855995	0.509898557505
TACTCAGTACCAACTA	0.0663403311229	0.511823442389	65.5135425047	0.0663403311229	-13.5223275684	0.511823442389	0.129615655768	0.908730426392
TACTCAGTCAGATAAA	1.12683098177	0.113234494471	7.26736390453	1.12683098177	-15.7942079689	0.113234494471	9.95130491846	0.0099476781743
TACTCAGTCCACGGCA	-0.60066246007	0.619277631165	76.9106999195	-0.60066246007	-14.373307189	0.619277631165	-0.969940507845	0.434394673958
TACTCAGTTAAACAAC	1.01351078398	0.174019693247	13.9179404666	1.01351078398	-14.554868453	0.174019693247	5.82411544963	0.0282380899036
TACTCAGTTACGGATA	0.405656106936	0.133511212323	9.03727540896	0.405656106936	-13.1575059295	0.133511212323	3.03836733916	0.0933952422605
TACTCATAACCAACTA	0.306119261583	0.482747143544	61.7055510861	0.306119261583	-14.0145142137	0.482747143544	0.634119260314	0.590857354855
TACTCATATACGGATA	0.241210957019	0.342670459301	40.6006972379	0.241210957019	-13.9248158497	0.342670459301	0.703915235387	0.554403399676
TACTCCGATACGGATA	0.0681043466472	0.592164643584	74.3631000268	0.0681043466472	-15.0063457836	0.592164643584	0.115009140422	0.918943849703
TACTCGGAACCAACTA	0.0500231945128	0.253667070483	25.5296326093	0.0500231945128	-12.352750425	0.253667070483	0.197200190066	0.861894602141
TACTCGGAACGATAGC	-0.101230025992	0.109369348918	6.91874497184	-0.101230025992	-14.194591046	0.109369348918	-0.925579488158	0.452377097574
TACTCGGAAGCAATAA	0.91482168451	0.534505003383	68.0611423974	0.91482168451	-14.9987077807	0.534505003383	1.71153062875	0.229113542573
TACTCGGACAGATAAA	0.732799046304	0.486587204507	62.4296057924	0.732799046304	-14.4821791003	0.486587204507	1.50599736186	0.271028451334
TACTCGGACCACGGCA	-0.333073124965	0.150080841717	11.0485384822	-0.333073124965	-13.1685843674	0.150080841717	-2.21929142424	0.156672100408
TACTCGGACGAGATAT	0.812852269341	0.618901898469	76.8302493966	0.812852269341	-15.5729744273	0.618901898469	1.31337821285	0.319498847466
TACTCGGACTCCTCGC	-0.146657543452	0.38776223725	47.9216948243	-0.146657543452	-14.2850276545	0.38776223725	-0.378215126083	0.741641307448
TACTCGGAGTAAGAAT	0.305092004181	0.710172215317	84.0976133012	0.305092004181	-14.6071705409	0.710172215317	0.429602845057	0.709339980143
TACTCGGATAAACAAC	0.643618499007	0.686478260283	82.5154196836	0.643618499007	-13.2896054272	0.686478260283	0.937565741325	0.44744098232
TACTCGGATACGGATA	0.362504035144	0.214311431068	19.2813086618	0.362504035144	-11.9478456896	0.214311431068	1.69148249973	0.232815802815
TACTCGGATATACTTA	0.114174344825	0.49622041685	63.8777152051	0.114174344825	-13.6272625558	0.49622041685	0.230087962825	0.839414724628
TACTCGGATGATTATA	0.361360950086	0.587110479446	73.7999463663	0.361360950086	-14.3964318426	0.587110479446	0.615490546902	0.600938518705
TACTCTGAACCAACTA	0.133570690375	0.0432546860035	1.17994100295	0.133570690375	-13.9488636234	0.0432546860035	3.08800508608	0.0908100827237
TACTCTGAAGCAATAA	-0.0404709635536	0.778932924726	87.7178868329	-0.0404709635536	-15.3837788856	0.778932924726	-0.0519569301398	0.963285671803
TACTCTGACCACGGCA	0.383101546163	0.569421549891	72.2445695897	0.383101546163	-14.815026995	0.569421549891	0.672790740421	0.570401804179
TACTCTGATAAACAAC	0.635847306318	0.538379868802	68.4633950121	0.635847306318	-14.6087639481	0.538379868802	1.18103841388	0.35900651184
TACTCTGATACGGATA	0.302748322998	0.570945529849	72.5127379995	0.302748322998	-13.5066049528	0.570945529849	0.530257804239	0.648918515919
TACTGAGAACCAACTA	0.258628784647	0.199417167752	17.2700455886	0.258628784647	-12.817584095	0.199417167752	1.29692336704	0.324116537413
TACTGAGAACGATAGC	0.548264468816	1.24430228751	97.3987664253	0.548264468816	-14.6873792222	1.24430228751	0.440619995895	0.702538034823
TACTGAGAAGCAATAA	0.352311030731	0.504866804872	64.7626709574	0.352311030731	-14.7737048358	0.504866804872	0.697829659885	0.557498772351
TACTGAGACAGATAAA	0.808762481352	0.475620866758	60.4183427192	0.808762481352	-14.6043302946	0.475620866758	1.70043523714	0.231152945068
TACTGAGACCACGGCA	-0.457192939196	0.394842848062	49.2357200322	-0.457192939196	-13.4343310842	0.394842848062	-1.15791115741	0.366491109491
TACTGAGACGAGATAT	0.136505758973	0.392642152034	48.8602842585	0.136505758973	-15.0562624942	0.392642152034	0.347659461078	0.761275317203
TACTGAGACTCCTCGC	0.47372287132	0.385469725713	47.5462590507	0.47372287132	-14.8353431772	0.385469725713	1.22894961581	0.34406485698
TACTGAGAGTAAGAAT	0.164765219704	0.443826285956	56.2885492089	0.164765219704	-15.261999848	0.443826285956	0.371238083272	0.746097377861
TACTGAGATAAACAAC	0.149105113816	0.203761623169	17.9136497721	0.149105113816	-13.5054303275	0.203761623169	0.731762495299	0.540441963642
TACTGAGATACGGATA	0.422382804611	0.136488663692	9.38589434165	0.422382804611	-12.6666145846	0.136488663692	3.09463653014	0.0904724748609
TACTGAGATATACTTA	0.548021442349	0.409458768323	51.2469831054	0.548021442349	-14.0668541273	0.409458768323	1.33840446156	0.312628086957
TACTGAGATGATTATA	0.528790037246	1.52055570062	98.90050952	0.528790037246	-14.3074735539	1.52055570062	0.347761043565	0.761209541151
TACTTAGAACCAACTA	0.439598255987	0.728986386984	85.0093858943	0.439598255987	-13.7657381544	0.728986386984	0.603026700958	0.607765521729
TACTTAGAAGCAATAA	0.782497790675	0.278859683504	30.6248323947	0.782497790675	-15.7074012874	0.278859683504	2.80606282286	0.107000779249
TACTTAGACCACGGCA	0.543236493793	0.366961720337	44.4355054975	0.543236493793	-14.8207951148	0.366961720337	1.4803628381	0.276922614174
TACTTAGACGAGATAT	0.755244290181	0.233710233496	22.418879056	0.755244290181	-15.8280952561	0.233710233496	3.23154137875	0.0838857903038
TACTTAGACTCCTCGC	0.0499685791379	0.236234947674	23.0356663985	0.0499685791379	-14.8644057572	0.236234947674	0.211520690016	0.85207768272
TACTTAGATAAACAAC	-0.271425023306	0.463043532771	58.7556985787	-0.271425023306	-14.3897606831	0.463043532771	-0.586176037664	0.617099354256
TACTTAGATACGGATA	0.427249824135	0.203644971736	17.8868329311	0.427249824135	-13.2638219027	0.203644971736	2.09801312791	0.170794965639
TACTTAGATATACTTA	0.428077851794	0.313043486535	36.2295521588	0.428077851794	-15.1121267249	0.313043486535	1.36747087931	0.304873385415
TAGACCACCAGATAAA	0.587147797119	0.445369968794	56.5567176187	0.587147797119	-14.0034447272	0.445369968794	1.31833719887	0.318122901396
TAGACCGAACCAACTA	-0.0914017644284	0.168648256988	13.3011531242	-0.0914017644284	-12.5623918064	0.168648256988	-0.541966848994	0.642149393028
TAGACCGAACGATAGC	0.503143559985	0.124568304445	8.23277017967	0.503143559985	-13.6056958901	0.124568304445	4.03909776428	0.0561802178887
TAGACCGACAGATAAA	0.0114249542882	0.142589408315	10.056315366	0.0114249542882	-12.4489636246	0.142589408315	0.0801248453392	0.943433894248
TAGACCGACGAGATAT	-0.817117153118	0.497397624297	63.9313488871	-0.817117153118	-13.9359107463	0.497397624297	-1.64278459165	0.2421384785
TAGACCGACTCCTCGC	0.886117201468	0.311331276232	35.961383749	0.886117201468	-13.9679950733	0.311331276232	2.84621966734	0.104455951242
TAGACCGAGTAAGAAT	-0.402056621622	0.462330865408	58.5411638509	-0.402056621622	-14.2735778644	0.462330865408	-0.869629634757	0.476189043381
TAGACCGATACGGATA	0.329584114508	0.191300910296	16.0096540628	0.329584114508	-12.6183593983	0.191300910296	1.72285701097	0.227055851779
TAGACCGATATACTTA	-0.689216402013	0.676359478613	81.2550281577	-0.689216402013	-14.8027247357	0.676359478613	-1.01900900898	0.415402404197
TAGACCGATGATTATA	0.310745874695	0.209596914707	18.7449718423	0.310745874695	-13.5079809876	0.209596914707	1.48258801962	0.276404609831
TAGTAACTACCAACTA	-0.369571210217	0.441744387207	55.6181281845	-0.369571210217	-14.6696322611	0.441744387207	-0.836617783768	0.490843966215
TAGTAACTCGAGATAT	-0.0404709635536	0.778932924726	87.7178868329	-0.0404709635536	-15.3837788856	0.778932924726	-0.0519569301398	0.963285671803
TAGTAACTCTCCTCGC	0.755244290181	0.233710233496	22.418879056	0.755244290181	-15.8280952561	0.233710233496	3.23154137875	0.0838857903038
TAGTCAGAACCAACTA	-0.152943550623	0.156417938675	11.7189595066	-0.152943550623	-12.4295415221	0.156417938675	-0.977787790321	0.431294629993
TAGTCAGAACGATAGC	-0.450905312008	0.468836058153	59.3724859212	-0.450905312008	-14.1556099853	0.468836058153	-0.961754763028	0.437654178296
TAGTCAGACAGATAAA	0.171664267183	0.330971071264	38.4821668008	0.171664267183	-14.1408398209	0.330971071264	0.51866849428	0.655673068202
TAGTCAGACCACGGCA	-0.287755807483	0.781827197605	87.9056047198	-0.287755807483	-13.4080503893	0.781827197605	-0.368055509408	0.748135412967
TAGTCAGACGAGATAT	-1.10742504846	0.707366192898	83.8562617324	-1.10742504846	-14.4101875202	0.707366192898	-1.56556117549	0.257934683136
TAGTCAGACTCCTCGC	-0.108805008246	0.386690320313	47.8144274604	-0.108805008246	-14.5106840977	0.386690320313	-0.281375050087	0.804862658118
TAGTCAGAGTAAGAAT	-1.02875092363	0.283360101591	31.1611692143	-1.02875092363	-14.2047103418	0.283360101591	-3.63054261293	0.0681979922432
TAGTCAGAGTACCGGC	0.380471646059	0.14459861974	10.4317511397	0.380471646059	-15.3901113347	0.14459861974	2.6312259878	0.119165774311
TAGTCAGATAAACAAC	0.569962648561	0.421318084814	52.9364440869	0.569962648561	-13.2922576175	0.421318084814	1.35280841033	0.308755368765
TAGTCAGATACGGATA	0.131089492583	0.331864846398	38.5626173237	0.131089492583	-12.0712218959	0.331864846398	0.395008672977	0.730983421361
TAGTCAGATATACTTA	-0.03171505307	0.906123292616	92.115848753	-0.03171505307	-13.6000839456	0.906123292616	-0.0350008142694	0.975258263233
TAGTCAGATGATTATA	-0.221612149101	0.463320402227	58.8629659426	-0.221612149101	-14.1229032959	0.463320402227	-0.478312951546	0.679610540221
TATAACGAACCAACTA	-0.320110405951	0.361393483098	43.6846339501	-0.320110405951	-14.0868145732	0.361393483098	-0.885766957408	0.469189648453
TATAACGAACGATAGC	-0.508703310907	0.396598206505	49.6111558058	-0.508703310907	-14.7148203545	0.396598206505	-1.28266669532	0.328182796184
TATAACGACAGATAAA	0.227558545939	0.223732547884	20.1662644141	0.227558545939	-14.3743374641	0.223732547884	1.01710076648	0.416123706736
TATAACGACTCCTCGC	-0.871821680154	0.346976432363	41.8342719228	-0.871821680154	-14.8815348654	0.346976432363	-2.51262506279	0.128552235038
TATAACGATACGGATA	0.399366276319	0.201427629412	17.6454813623	0.399366276319	-14.4578132948	0.201427629412	1.98267872925	0.185881097897
TATAACGATGATTATA	0.441294374218	0.597550523943	74.8189863234	0.441294374218	-14.6820635264	0.597550523943	0.738505543106	0.537111325188
TATACAACCAGATAAA	0.743916678797	0.293465645892	33.1724322875	0.743916678797	-15.3659937309	0.293465645892	2.53493616445	0.126709286354
TATACAGAACCAACTA	-0.34653831614	0.370210335249	45.1863770448	-0.34653831614	-13.9622435025	0.370210335249	-0.936057919362	0.448058757893
TATACAGAACGATAGC	-0.871821665494	0.346976435932	41.9147224457	-0.871821665494	-14.3707092523	0.346976435932	-2.5126249947	0.12855224072
TATACAGACAGATAAA	1.00047782803	0.196517202096	16.867792974	1.00047782803	-14.2497182961	0.196517202096	5.09104453636	0.0364837753762
TATACAGACTCCTCGC	0.649458067994	0.54116588693	68.8120139448	0.649458067994	-15.2658141274	0.54116588693	1.20010903067	0.352969185173
TATACAGATGATTATA	0.172189138735	0.256925819488	26.0391525878	0.172189138735	-14.7757085589	0.256925819488	0.670190092527	0.571757378449
TATACCAAACCAACTA	-0.267118485231	0.434212604324	54.5990882274	-0.267118485231	-13.2084261754	0.434212604324	-0.615179021913	0.601108355059
TATACCAAACGATAGC	0.335500938268	0.160659668547	12.0407615983	0.335500938268	-14.34581429	0.160659668547	2.08827107203	0.172003682458
TATACCAACAGATAAA	0.269992405861	0.600641306226	75.1676052561	0.269992405861	-13.0959858059	0.600641306226	0.44950689049	0.697084058153
TATACCAACGAGATAT	0.701669663482	0.379026889202	46.4199517297	0.701669663482	-15.5289463292	0.379026889202	1.85123980243	0.205343911691
TATACCAACTCCTCGC	-0.519853698227	0.555791950603	70.4210244033	-0.519853698227	-14.2591000281	0.555791950603	-0.935338659841	0.448353769072
TATACCAAGTAAGAAT	2.29257426538	0.640825015631	78.4660766962	2.29257426538	-15.4117094636	0.640825015631	3.57753553537	0.0700249753828
TATACCAATACGGATA	0.182635474222	0.969718599018	93.3762402789	0.182635474222	-9.54295937597	0.969718599018	0.188338631854	0.867989977623
TATACCAATGATTATA	0.304050418064	0.610112068302	76.1061946903	0.304050418064	-14.21014406	0.610112068302	0.498351751851	0.667643942684
TATACCACCAAATAAA	0.508899534331	0.555110462245	70.3405738804	0.508899534331	-15.4176297256	0.555110462245	0.916753635434	0.4560486702
TATACCACCAGACAAA	0.103068886124	0.894681297831	91.7940466613	0.103068886124	-14.6594179252	0.894681297831	0.115201789033	0.918808969084
TATACCACCAGATAAA	0.583840347994	0.113001759624	7.16009654063	0.583840347994	-5.87075040851	0.113001759624	5.16664828881	0.0354795826329
TATACCACCAGATAAC	1.12395797254	0.283762445131	31.2684365782	1.12395797254	-14.5470122116	0.283762445131	3.96091164219	0.0582281382067
TATACCACCAGATAAT	-0.689216402013	0.676359478613	81.2550281577	-0.689216402013	-14.8027247357	0.676359478613	-1.01900900898	0.415402404197
TATACCACCAGATACA	0.596229396277	0.721196940012	84.6071332797	0.596229396277	-15.1473746381	0.721196940012	0.826722027228	0.495325696015
TATACCACCAGATAGA	-1.82464228351	0.485534792956	62.2687047466	-1.82464228351	-13.8258446042	0.485534792956	-3.758005214	0.0640776989497
TATACCACCAGATATA	0.476919148888	0.228509152596	21.292571735	0.476919148888	-14.922481659	0.228509152596	2.08708991946	0.172151019941
TATACCACCAGATCAA	1.10541991347	0.422272968371	53.0973451327	1.10541991347	-15.6565651744	0.422272968371	2.61778516805	0.120180271135
TATACCACCAGATGAA	-0.612307129851	1.71673393589	99.1954947707	-0.612307129851	-13.9072124253	1.71673393589	-0.356669788516	0.755453866541
TATACCACCAGTTAAA	0.812360658396	0.541792828847	68.8924644677	0.812360658396	-15.0455007755	0.541792828847	1.49939352303	0.272531609136
TATACCACCCCCCCCC	0.4903550075	0.698106708463	83.0785733441	0.4903550075	-14.9392880026	0.698106708463	0.702406955206	0.555169090769
TATACCACCCGATAAA	0.662907217273	0.695913378373	82.9176722982	0.662907217273	-14.6198129217	0.695913378373	0.952571451957	0.441342364961
TATACCACCGGATAAA	0.584797471891	0.355222084619	42.8801287208	0.584797471891	-14.7853421253	0.355222084619	1.64628692081	0.241452015224
TATACCACCTGATAAA	-0.26826553719	0.784519559466	88.0396889246	-0.26826553719	-14.7482821795	0.784519559466	-0.341948819444	0.764978300193
TATACCACGCAGATAA	0.54026026975	0.460412622236	58.3266291231	0.54026026975	-15.3288581789	0.460412622236	1.17342627821	0.361450116336
TATACCAGCAGATAAA	0.734155723352	0.522357171886	66.7739340306	0.734155723352	-14.9024507199	0.522357171886	1.40546691587	0.295090054916
TATACCCAACCAACTA	0.148644951618	0.70025279724	83.4540091177	0.148644951618	-15.229452541	0.70025279724	0.212273270745	0.851562958199
TATACCCACAGATAAA	-0.79018458536	0.680752540191	81.7913649772	-0.79018458536	-14.5131194871	0.680752540191	-1.16075157816	0.365562134951
TATACCCATACGGATA	0.741563466152	1.37356992957	98.1228211317	0.741563466152	-14.9539875413	1.37356992957	0.539880387731	0.643351514399
TATACCGAAACAACTA	0.065579788796	0.442051481071	55.6717618665	0.065579788796	-14.1594178019	0.442051481071	0.148353283733	0.895670853602
TATACCGAAACCAACT	-0.33749352596	0.31433207028	36.3368195227	-0.33749352596	-14.273106285	0.31433207028	-1.07368467258	0.395315791914
TATACCGAAACGGATA	1.06050289558	0.201042981366	17.5650308394	1.06050289558	-15.2406381697	0.201042981366	5.27500581403	0.0341098894148
TATACCGAAAGATAAA	0.37397139939	0.243936643272	24.6178600161	0.37397139939	-13.9663319763	0.243936643272	1.53306774404	0.26497534515
TATACCGAAAGATAGC	0.164765219704	0.443826285956	56.2885492089	0.164765219704	-15.261999848	0.443826285956	0.371238083272	0.746097377861
TATACCGAACAAACTA	-0.406735018752	0.379142941728	46.5004022526	-0.406735018752	-14.2923296722	0.379142941728	-1.07277486665	0.395640981192
TATACCGAACAATAGC	-0.330071444659	0.578773755207	73.1831590239	-0.330071444659	-13.988023394	0.578773755207	-0.570294422802	0.626005142465
TATACCGAACCAAATA	-0.135704338696	0.407041349614	50.8447304907	-0.135704338696	-14.8483007415	0.407041349614	-0.333392022271	0.770546000085
TATACCGAACCAACCA	0.286937809062	0.377656598483	45.9908822741	0.286937809062	-13.1504325464	0.377656598483	0.759784974537	0.526728370533
TATACCGAACCAACTA	-0.345835833132	0.192164218723	16.1705551086	-0.345835833132	-4.25767982475	0.192164218723	-1.79968901302	0.21371821048
TATACCGAACCAACTC	-0.450942751023	0.418919461067	52.7219093591	-0.450942751023	-12.8714273004	0.418919461067	-1.07644259322	0.394331881527
TATACCGAACCAACTG	-0.514786541998	0.641062042096	78.4928935371	-0.514786541998	-13.738681157	0.641062042096	-0.803021405409	0.506227222953
TATACCGAACCAACTT	0.0575518756077	0.34175838488	40.5470635559	0.0575518756077	-14.3826291201	0.34175838488	0.168399308266	0.881759035521
TATACCGAACCAAGTA	-0.0937112659959	0.865607381521	90.9359077501	-0.0937112659959	-14.8075437391	0.865607381521	-0.108260705715	0.923671444079
TATACCGAACCAATTA	0.0415734880478	0.241624405724	24.0010726736	0.0415734880478	-15.1226437036	0.241624405724	0.172058314735	0.879226958674
TATACCGAACCACCTA	-1.11313360555	0.454760480009	57.8171091445	-1.11313360555	-14.5153887445	0.454760480009	-2.44773601596	0.134129730166
TATACCGAACCAGCTA	0.286991863083	0.162390637769	12.335746849	0.286991863083	-13.8528122098	0.162390637769	1.76729315819	0.21921288376
TATACCGAACCATAGC	-1.27633786423	0.760754385814	86.6720300349	-1.27633786423	-13.7161527357	0.760754385814	-1.67772659354	0.235401269747
TATACCGAACCATCTA	-0.285841518316	0.226917171265	21.0512201663	-0.285841518316	-13.5805048946	0.226917171265	-1.2596733721	0.3348711885
TATACCGAACCCACTA	-0.00248692260937	0.431363115982	54.3309198176	-0.00248692260937	-14.551009426	0.431363115982	-0.00576526484817	0.995923376005
TATACCGAACCGACTA	0.0640400960608	1.24282765685	97.3451327434	0.0640400960608	-13.3162391578	1.24282765685	0.0515277365352	0.963588549141
TATACCGAACCTACTA	0.17777697302	0.385678244481	47.5998927326	0.17777697302	-14.0424741396	0.385678244481	0.460946334318	0.690107175183
TATACCGAACGAAAGC	-1.65947843924	0.590949245953	74.0681147761	-1.65947843924	-14.1276459663	0.590949245953	-2.80815730049	0.106865889436
TATACCGAACGAACTA	-0.8163135326	1.73483922094	99.2491284527	-0.8163135326	-14.3677368461	1.73483922094	-0.470541317458	0.684293526042
TATACCGAACGACAGC	0.396824761623	0.76231792168	86.7524805578	0.396824761623	-14.3975465469	0.76231792168	0.520550219714	0.654572671739
TATACCGAACGAGATA	0.373082799677	0.559898160913	71.1718959507	0.373082799677	-15.6041874304	0.559898160913	0.666340462822	0.573769296079
TATACCGAACGATACC	-0.38074372486	0.86434694913	90.8554572271	-0.38074372486	-13.3300745031	0.86434694913	-0.440498720153	0.702612666212
TATACCGAACGATAGA	0.649458067994	0.54116588693	68.8120139448	0.649458067994	-15.2658141274	0.54116588693	1.20010903067	0.352969185173
TATACCGAACGATAGC	0.104037448029	0.228712037005	21.319388576	0.104037448029	-4.93698619117	0.228712037005	0.454884007818	0.69379842049
TATACCGAACGATAGG	-0.678289024364	0.444226936639	56.3958165728	-0.678289024364	-14.2472642511	0.444226936639	-1.52689755713	0.266339825918
TATACCGAACGATAGT	0.462023907518	0.533874424069	67.8734245106	0.462023907518	-14.64948856	0.533874424069	0.865416822173	0.47803400961
TATACCGAACGATGGC	0.908121628773	0.303276116856	34.861893269	0.908121628773	-14.0220144383	0.303276116856	2.99437238312	0.0957751852228
TATACCGAACGATTGC	0.328943525107	1.47555294861	98.5518905873	0.328943525107	-14.8843999475	1.47555294861	0.222928987683	0.844288145954
TATACCGAACGGTAGC	-0.871821665494	0.346976435932	41.9147224457	-0.871821665494	-14.3707092523	0.346976435932	-2.5126249947	0.12855224072
TATACCGAACGTTAGC	0.0675598844816	0.253965447743	25.5832662912	0.0675598844816	-14.3460225869	0.253965447743	0.266019984537	0.815137558399
TATACCGAACTAACTA	-0.750903207154	0.678286292709	81.5768302494	-0.750903207154	-13.98589013	0.678286292709	-1.10705938661	0.383593830118
TATACCGAACTATAGC	0.678710556317	0.301543378496	34.3523732904	0.678710556317	-15.1601471066	0.301543378496	2.25078912262	0.153267161618
TATACCGAAGATTATA	0.392395380999	0.249495398452	25.0469294717	0.392395380999	-14.6951334435	0.249495398452	1.57275598442	0.256408107741
TATACCGAAGCAACTA	-0.768475247726	0.512143251164	65.5939930276	-0.768475247726	-14.2687837884	0.512143251164	-1.50050839483	0.272277105431
TATACCGAAGCAATCA	-0.406288232549	0.332695879399	38.7235183695	-0.406288232549	-8.08054179532	0.332695879399	-1.22120007402	0.34643107401
TATACCGAAGGATAGC	-0.297074585259	1.17471415233	96.8624296058	-0.297074585259	-15.0685230017	1.17471415233	-0.252890956213	0.823971370006
TATACCGAAGTAGAAT	-0.0467103792167	1.14241565536	96.3260927863	-0.0467103792167	-8.89791354662	1.14241565536	-0.040887376672	0.97110033462
TATACCGAATCAACTA	0.864423176367	0.361262256243	43.5237329043	0.864423176367	-14.2696129881	0.361262256243	2.3927857434	0.139119915401
TATACCGAATGATAGC	0.588739039959	0.91035657448	92.2231161169	0.588739039959	-14.2853444729	0.91035657448	0.646712570066	0.584125915185
TATACCGAATGATATA	-0.239416356399	1.38406468985	98.1496379726	-0.239416356399	-14.7325258806	1.38406468985	-0.172980611495	0.878589087949
TATACCGAATGATTTA	-0.118798341702	0.382194148327	46.9562885492	-0.118798341702	-15.0395552503	0.382194148327	-0.310832445296	0.785332245549
TATACCGACAAATAAA	0.555436936479	0.128560033675	8.47412174846	0.555436936479	-14.3074605982	0.128560033675	4.32044796973	0.0496190489796
TATACCGACACATAAA	0.697636462227	0.328385688808	38.213998391	0.697636462227	-13.5273264483	0.328385688808	2.12444234327	0.1675734965
TATACCGACACGGATA	0.485907845809	0.403108703251	50.3620273532	0.485907845809	-12.874916858	0.403108703251	1.20540152542	0.351314936627
TATACCGACAGAAAAA	0.0242990528901	0.806925219714	89.0319120408	0.0242990528901	-13.6694318393	0.806925219714	0.0301131409658	0.978711619356
TATACCGACAGACAAA	0.138310697307	0.185602774935	15.5805846071	0.138310697307	-13.7343356971	0.185602774935	0.745197356857	0.533825262234
TATACCGACAGATAAA	0.22613584096	0.0985820453135	5.49745240011	0.22613584096	-4.10009024353	0.0985820453135	2.29388465456	0.148771334159
TATACCGACAGATAAC	0.164206159646	0.267863785836	27.1922767498	0.164206159646	-12.6275207969	0.267863785836	0.613021126142	0.602285917865
TATACCGACAGATAAG	-0.226157005746	0.153278868316	11.3703405739	-0.226157005746	-13.5827620034	0.153278868316	-1.47546108756	0.278068019899
TATACCGACAGATAAT	0.436832795469	0.289941004765	32.2874765353	0.436832795469	-13.7527660911	0.289941004765	1.50662648018	0.270885799675
TATACCGACAGATACA	0.230108380359	0.419041876515	52.7487262001	0.230108380359	-13.5858471309	0.419041876515	0.54912979646	0.638035971778
TATACCGACAGATAGA	-0.0936751727231	0.279259670662	30.7589165996	-0.0936751727231	-13.1900224547	0.279259670662	-0.335441105768	0.769210635758
TATACCGACAGATATA	0.38334476683	0.686039411371	82.4886028426	0.38334476683	-13.4833465477	0.686039411371	0.558779511026	0.632527764876
TATACCGACAGATCAA	0.554808009292	0.288484153911	32.2070260123	0.554808009292	-13.7141010182	0.288484153911	1.92318365418	0.194370566772
TATACCGACAGATGAA	0.569648660228	0.296385256317	33.6283185841	0.569648660228	-13.0250014746	0.296385256317	1.9219871707	0.194546579262
TATACCGACAGCTAAA	-0.0891566767585	0.355447301193	42.9069455618	-0.0891566767585	-14.26736895	0.355447301193	-0.250829522293	0.825362326602
TATACCGACAGGTAAA	-0.101911276882	0.296075194144	33.4942343792	-0.101911276882	-13.4120062199	0.296075194144	-0.344207413852	0.763512513762
TATACCGACAGTTAAA	0.656584291746	0.751385851773	86.3234111022	0.656584291746	-13.6059255114	0.751385851773	0.873831055238	0.474356378748
TATACCGACATATAAA	0.0245576507175	0.233140071355	21.9093590775	0.0245576507175	-14.3742288179	0.233140071355	0.105334319299	0.925723134949
TATACCGACCAACTAC	-0.0550903178503	0.608997322553	75.9184768034	-0.0550903178503	-8.51853404974	0.608997322553	-0.0904606897437	0.936165091982
TATACCGACCACGGCA	-0.11266798215	0.704489895797	83.7758112094	-0.11266798215	-7.80756788824	0.704489895797	-0.159928457202	0.887629747369
TATACCGACCAGATAT	-0.649687545082	0.624272642807	77.500670421	-0.649687545082	-14.4730827506	0.624272642807	-1.0407112222	0.407296009278
TATACCGACCCAACTA	-0.854631652768	0.204124786878	17.967283454	-0.854631652768	-13.0537403965	0.204124786878	-4.18680977375	0.0525876429305
TATACCGACCCCCCCC	3.04449508974	0.616262089447	76.5620809869	3.04449508974	-13.2699026295	0.616262089447	4.94026022674	0.0386155146109
TATACCGACCCCTCGC	0.0943944001817	0.717629214699	84.3657817109	0.0943944001817	-13.6983948805	0.717629214699	0.131536451204	0.907389404136
TATACCGACCGATAAA	0.130094876108	0.351320138646	42.4510592652	0.130094876108	-12.9968401572	0.351320138646	0.370302928289	0.746695876679
TATACCGACCGATAGC	-0.176666124416	0.388096049761	48.0021453473	-0.176666124416	-13.9492557095	0.388096049761	-0.45521237468	0.693598127619
TATACCGACCTATTTA	0.397469691588	0.20066769477	17.4309466345	0.397469691588	-7.78678228156	0.20066769477	1.98073582319	0.186150382482
TATACCGACGAAGAAT	-0.536955901166	0.891014026735	91.7135961384	-0.536955901166	-8.50020713957	0.891014026735	-0.602634621964	0.60798134407
TATACCGACGAGACAT	0.186309992455	0.971747960739	93.6980423706	0.186309992455	-15.1811356669	0.971747960739	0.191726661627	0.865657731877
TATACCGACGAGATAT	-0.0183722956583	0.0867284110834	4.47841244301	-0.0183722956583	-6.08107456773	0.0867284110834	-0.211837106535	0.851861256262
TATACCGACGATTATA	0.93811437747	0.294260062739	33.2796996514	0.93811437747	-13.8829747729	0.294260062739	3.18804518947	0.0859018495959
TATACCGACGGATAAA	0.134777407312	0.296922745306	33.8696701529	0.134777407312	-13.020311948	0.296922745306	0.453914054895	0.694390296989
TATACCGACTAAGAAT	0.240213432052	0.44333051199	55.9131134352	0.240213432052	-14.7263423618	0.44333051199	0.541838257362	0.642223430163
TATACCGACTCATCGC	0.0681043466472	0.592164643584	74.3631000268	0.0681043466472	-15.0063457836	0.592164643584	0.115009140422	0.918943849703
TATACCGACTCCACGC	-1.14124417206	0.156110818759	11.6921426656	-1.14124417206	-14.3746991866	0.156110818759	-7.31047457908	0.0182021893345
TATACCGACTCCCCGC	0.900311617007	0.335554483137	39.0185036203	0.900311617007	-15.0746349542	0.335554483137	2.68305644016	0.115364400334
TATACCGACTCCTCAC	0.335128479295	0.206877412124	18.4231697506	0.335128479295	-14.1275952494	0.206877412124	1.61993750722	0.246679003195
TATACCGACTCCTCCC	0.234267084288	0.247989384112	24.9128452668	0.234267084288	-14.0452494774	0.247989384112	0.944665777234	0.444544208857
TATACCGACTCCTCGC	0.450961258784	0.130558555178	8.66183963529	0.450961258784	-5.28226865267	0.130558555178	3.45409198325	0.0745634940574
TATACCGACTCCTCGT	0.996698576662	0.375519493527	45.6154465004	0.996698576662	-14.8008697718	0.375519493527	2.6541859846	0.117460422374
TATACCGACTCCTGGC	-0.335720322964	0.49270016377	63.6363636364	-0.335720322964	-15.1728864815	0.49270016377	-0.681388697733	0.565940796502
TATACCGACTCCTTGC	-0.304635248854	0.0724829952173	3.0303030303	-0.304635248854	-13.9602773173	0.0724829952173	-4.20285127485	0.052217809392
TATACCGACTGATAAA	0.599612013729	0.401866905236	50.2279431483	0.599612013729	-13.8069202905	0.401866905236	1.49206616896	0.274211800162
TATACCGACTGCTCGC	0.316486825615	0.272224315731	27.9699651381	0.316486825615	-15.4673916857	0.272224315731	1.16259572465	0.364960465054
TATACCGACTTCTCGC	-0.368319116242	0.394372220024	49.1284526683	-0.368319116242	-14.8438158963	0.394372220024	-0.93393778147	0.448928947546
TATACCGAGAGATAAA	-0.381455252128	0.413255718752	51.8101367659	-0.381455252128	-13.8038884983	0.413255718752	-0.923048937544	0.453426598202
TATACCGAGCAAGAAT	0.0687619457169	1.07387403693	95.4143201931	0.0687619457169	-14.3631901446	1.07387403693	0.0640316679168	0.954769111945
TATACCGAGCCAACTA	-0.549984893838	0.451972544541	57.4416733709	-0.549984893838	-13.4845454957	0.451972544541	-1.21685465297	0.34776633432
TATACCGAGCGATAGC	-0.664005765512	0.728255259139	84.9557522124	-0.664005765512	-13.6290812502	0.728255259139	-0.911776135056	0.458133207559
TATACCGAGTAAGAAC	0.646399988961	0.386082884925	47.6267095736	0.646399988961	-14.932856818	0.386082884925	1.67425186197	0.236060257728
TATACCGAGTAAGAAT	0.373006939298	0.164522155688	12.6843657817	0.373006939298	-6.22113178824	0.164522155688	2.26721402803	0.151531890198
TATACCGAGTAAGAGT	0.846169862096	0.598266743588	74.9530705283	0.846169862096	-15.581833712	0.598266743588	1.4143688767	0.292854393429
TATACCGAGTAAGGAT	0.323182031976	0.99660521143	94.5293644409	0.323182031976	-15.154650931	0.99660521143	0.324282903872	0.776497924553
TATACCGAGTAAGTAT	0.00353098273705	0.732585004563	85.1702869402	0.00353098273705	-15.0437303666	0.732585004563	0.00481989491329	0.996591839416
TATACCGAGTACCGGC	-1.48815729692	0.741457713136	85.6261732368	-1.48815729692	-7.41854943582	0.741457713136	-2.00706968254	0.182544748542
TATACCGAGTAGGAAT	0.463515213411	0.641467921287	78.8415124698	0.463515213411	-15.4963576118	0.641467921287	0.722585180068	0.545006311067
TATACCGAGTCCTCGC	0.148055308167	0.571021683354	72.6200053634	0.148055308167	-14.9390546892	0.571021683354	0.259281411692	0.81966612537
TATACCGAGTGAGAAT	0.380471646059	0.14459861974	10.4317511397	0.380471646059	-15.3901113347	0.14459861974	2.6312259878	0.119165774311
TATACCGATAAACAAC	-0.256426284667	2.52996701473	99.7586484312	-0.256426284667	-9.36765557787	2.52996701473	-0.101355584154	0.928514136736
TATACCGATAAGGATA	-0.459282743756	0.673291850351	80.8259587021	-0.459282743756	-13.9673541287	0.673291850351	-0.682145110648	0.565549852291
TATACCGATACAGATA	0.87096002612	0.37881428136	46.1517833199	0.87096002612	-13.4758530239	0.37881428136	2.2991742101	0.148232089898
TATACCGATACCGATA	0.175843489842	0.286267818951	31.6706891928	0.175843489842	-13.957639934	0.286267818951	0.614262163616	0.601608443625
TATACCGATACGAATA	0.502210981008	0.409015310259	51.1128989005	0.502210981008	-14.1214883642	0.409015310259	1.22785374633	0.344398298162
TATACCGATACGCATA	0.396467954482	0.321372254107	37.2217752749	0.396467954482	-14.1135258013	0.321372254107	1.23367200938	0.342632352894
TATACCGATACGGAAA	0.151176490841	0.530270214439	67.5248055779	0.151176490841	-14.7871588267	0.530270214439	0.2850933104	0.802384065837
TATACCGATACGGACA	0.335114386703	0.0404949489449	0.965406275141	0.335114386703	-13.2509416865	0.0404949489449	8.27546139541	0.0142898658731
TATACCGATACGGATA	0.399271609813	0.0601672344339	2.01126307321	0.399271609813	-4.31432127714	0.0601672344339	6.63603061649	0.0219628889899
TATACCGATACGGATC	0.492399624391	0.0472859124088	1.36765888978	0.492399624391	-12.9267221067	0.0472859124088	10.4132414774	0.00909642370932
TATACCGATACGGATG	0.557659964316	0.493964102899	63.8240815232	0.557659964316	-14.0373186067	0.493964102899	1.12894836091	0.376121582592
TATACCGATACGGATT	0.529911672406	0.491338495362	63.0195762939	0.529911672406	-14.2792402578	0.491338495362	1.07850631979	0.393597442876
TATACCGATACGGCTA	0.854861330934	0.63725972509	78.3051756503	0.854861330934	-14.1239042044	0.63725972509	1.34146455092	0.311800385433
TATACCGATACGGGTA	-0.78284160073	0.156474863756	11.7457763475	-0.78284160073	-13.0956292434	0.156474863756	-5.00298630681	0.0377070151569
TATACCGATACGGTTA	0.148893272027	0.567326420648	72.0836685438	0.148893272027	-13.7358768454	0.567326420648	0.262447273048	0.817537103852
TATACCGATACGTATA	-0.11658335693	0.567522610237	72.1104853848	-0.11658335693	-13.4311587451	0.567522610237	-0.205425043561	0.856251172687
TATACCGATACTGATA	0.207661533685	0.286706746544	31.8047733977	0.207661533685	-13.4872924885	0.286706746544	0.724299432043	0.544150981331
TATACCGATAGATAAA	0.185012436766	0.534290634126	68.0075087155	0.185012436766	-13.3544844105	0.534290634126	0.346276773256	0.762170952988
TATACCGATATACTTA	-0.58522214713	0.475673799482	60.4451595602	-0.58522214713	-7.2468287953	0.475673799482	-1.23030141195	0.343654073108
TATACCGATATGGATA	0.27705911581	0.164598142283	12.7111826227	0.27705911581	-13.3625852171	0.164598142283	1.68324570354	0.234359470096
TATACCGATCAGATAA	0.436654328946	0.132884352143	8.983641727	0.436654328946	-13.6080092401	0.132884352143	3.28597251598	0.0814571945776
TATACCGATCATTATA	0.530643791429	0.463287522458	58.8361491016	0.530643791429	-14.4872716137	0.463287522458	1.1453876172	0.370619856312
TATACCGATCCAACTA	-0.143804451246	0.202156137076	17.8063824082	-0.143804451246	-13.5230130915	0.202156137076	-0.711353379252	0.550641648068
TATACCGATCCGGATA	0.532733347714	0.236034569724	22.8211316707	0.532733347714	-13.7071163822	0.236034569724	2.25701408204	0.152606299683
TATACCGATCGATAGC	0.805636005539	0.119673553103	7.91096808796	0.805636005539	-15.0994003281	0.119673553103	6.73194690598	0.0213612630764
TATACCGATCTCCTCG	-2.14766369962	1.02413761507	94.8243496916	-2.14766369962	-12.8510436866	1.02413761507	-2.09704601024	0.17091444063
TATACCGATGAATATA	0.0361111749931	0.788847673583	88.1737731295	0.0361111749931	-14.1879122184	0.788847673583	0.0457771204789	0.967647632208
TATACCGATGACTATA	-0.0715489235035	0.0969800012169	5.36336819523	-0.0715489235035	-14.3897228007	0.0969800012169	-0.737769876322	0.53747375053
TATACCGATGATCATA	0.395447616171	0.619350388566	76.9375167605	0.395447616171	-14.1197455786	0.619350388566	0.638487717891	0.58851465119
TATACCGATGATTAAA	-0.178839653349	0.953595995192	93.1885223921	-0.178839653349	-13.892067704	0.953595995192	-0.187542370407	0.86853842643
TATACCGATGATTACA	0.073569524024	0.196409008091	16.840976133	0.073569524024	-13.8320767511	0.196409008091	0.374573064337	0.743965368221
TATACCGATGATTATA	0.251044410253	0.0619220509434	2.09171359614	0.251044410253	-5.01433963841	0.0619220509434	4.05420050576	0.0557967455859
TATACCGATGATTATC	0.645572612099	0.475184127327	60.3647090373	0.645572612099	-13.8662644382	0.475184127327	1.35857360331	0.307221796167
TATACCGATGATTATG	1.06024001848	0.467375993376	59.2920353982	1.06024001848	-14.9827839641	0.467375993376	2.26849481682	0.151397715186
TATACCGATGATTATT	0.668804367643	0.421275635747	52.9096272459	0.668804367643	-14.8674046119	0.421275635747	1.58756954092	0.253301244659
TATACCGATGATTCTA	-0.344167197477	0.63434472554	78.1442746045	-0.344167197477	-14.7504445293	0.63434472554	-0.542555464907	0.641810581266
TATACCGATGATTGTA	-1.12479833796	1.12148086437	96.0311075355	-1.12479833796	-14.0340325484	1.12148086437	-1.00295811877	0.421512833285
TATACCGATGATTTTA	0.58039121654	0.524531232107	67.0957361223	0.58039121654	-14.5358558303	0.524531232107	1.10649505885	0.383788713928
TATACCGATGCGGATA	1.25096724045	0.265715601267	26.8972914991	1.25096724045	-14.1644567007	0.265715601267	4.7079179186	0.0422766952193
TATACCGATGCTTATA	0.535343988852	0.595082295012	74.6044515956	0.535343988852	-14.8498943521	0.595082295012	0.899613370015	0.46326920236
TATACCGATGGCGCTC	1.2047489304	0.446199466752	56.6639849826	1.2047489304	-9.12237495511	0.446199466752	2.70002324111	0.114157093283
TATACCGATGGTTATA	0.488273838419	0.520259589666	66.5057656208	0.488273838419	-14.4240074349	0.520259589666	0.938519631579	0.447050629917
TATACCGATGTTTATA	-0.355797527876	0.521509522026	66.6934835076	-0.355797527876	-14.1885331362	0.521509522026	-0.682245506263	0.565497982299
TATACCGATTACGGAT	0.0834152957934	0.557744408435	70.5551086082	0.0834152957934	-14.1835536455	0.557744408435	0.149558282489	0.894832775834
TATACCGATTAGGATA	0.0415734880478	0.241624405724	24.0010726736	0.0415734880478	-15.1226437036	0.241624405724	0.172058314735	0.879226958674
TATACCGATTCGGATA	1.60383476813	0.545290945599	69.1338160365	1.60383476813	-14.5933508136	0.545290945599	2.94124591849	0.0987658866529
TATACCGATTGATATA	-0.0404709635536	0.778932924726	87.7178868329	-0.0404709635536	-15.3837788856	0.778932924726	-0.0519569301398	0.963285671803
TATACCGCCAGATAAA	0.229360004721	0.611146313155	76.1866452132	0.229360004721	-13.1841570415	0.611146313155	0.375294753129	0.743504492169
TATACCGGACCAACTA	-0.358502971096	0.274740745084	28.4526682757	-0.358502971096	-12.6384409488	0.274740745084	-1.3048773344	0.321874400288
TATACCGGACGATAGC	0.101295008022	0.807752501904	89.0855457227	0.101295008022	-12.9987745972	0.807752501904	0.125403521231	0.911672898748
TATACCGGCAGATAAA	0.262808272601	0.0499188707395	1.52855993564	0.262808272601	-12.3693900894	0.0499188707395	5.26470788918	0.0342366784589
TATACCGGCGAGATAT	-0.2845932242	0.233462074807	21.9361759185	-0.2845932242	-13.9252113037	0.233462074807	-1.21901265734	0.347102462228
TATACCGGCTCCTCGC	-0.171026576055	0.072155776478	2.97666934835	-0.171026576055	-13.4533404642	0.072155776478	-2.37024094817	0.141241970076
TATACCGGGTAAGAAT	0.739414913221	0.409214463693	51.2201662644	0.739414913221	-14.8085712232	0.409214463693	1.80691294865	0.212517796589
TATACCGGTACGGATA	0.184405597141	0.182815386324	15.0442477876	0.184405597141	-12.3879517777	0.182815386324	1.00869845175	0.419316228288
TATACCGGTGATTATA	0.102017217957	0.145612091823	10.5122016626	0.102017217957	-13.2538282548	0.145612091823	0.700609521366	0.556082848578
TATACCGTACCAACTA	-0.547035776997	0.3364218977	39.4475730759	-0.547035776997	-13.7205586515	0.3364218977	-1.62604093472	0.245455352869
TATACCGTACGATAGC	0.406951477119	0.415099602231	52.1855725396	0.406951477119	-14.637613408	0.415099602231	0.980370674729	0.430279535405
TATACCGTCAGATAAA	0.270939976204	0.0320562294396	0.616787342451	0.270939976204	-13.3793140338	0.0320562294396	8.4520226159	0.0137111702521
TATACCGTCGAGATAT	-0.452434197468	0.261769495475	26.4950388844	-0.452434197468	-14.9270370231	0.261769495475	-1.72836868042	0.226063271718
TATACCGTCTCCTCGC	-0.454206438098	0.338741997073	40.3057119871	-0.454206438098	-14.3851852239	0.338741997073	-1.34086249128	0.311963020299
TATACCGTGTAAGAAT	-0.0346369704607	0.345623300559	41.3515687852	-0.0346369704607	-15.3080019405	0.345623300559	-0.100215958833	0.929313873081
TATACCGTTACGGATA	0.468044775411	0.499553861812	64.1190667739	0.468044775411	-14.2196145629	0.499553861812	0.936925547353	0.447703167541
TATACCGTTGATTATA	0.445575557387	0.413436090077	51.9442209708	0.445575557387	-14.8823094797	0.413436090077	1.07773744983	0.393870887039
TATACCTAACCAACTA	-1.06077949582	0.096278980569	5.2829176723	-1.06077949582	-14.0424053145	0.096278980569	-11.0177682559	0.00813741326388
TATACCTAACGATAGC	0.895481698296	0.648694673141	79.2705819254	0.895481698296	-15.2147010203	0.648694673141	1.38043633681	0.301490603918
TATACCTACAGATAAA	0.543087148217	0.0732328023779	3.05711987128	0.543087148217	-14.1150096742	0.0732328023779	7.41590012376	0.0177019004615
TATACCTACTCCTCGC	1.10913761411	0.335754984614	39.2062215071	1.10913761411	-14.7849986137	0.335754984614	3.30341369433	0.0807003587165
TATACCTATACGGATA	0.669078309923	0.174445700247	14.0788415125	0.669078309923	-14.0938962636	0.174445700247	3.83545314661	0.0617483223557
TATACCTATGATTATA	-0.0450372038855	0.547858713957	69.2679002414	-0.0450372038855	-14.2828940465	0.547858713957	-0.0822058730438	0.941969626536
TATACCTCCAGATAAA	0.648459503401	0.465994273134	59.1847680343	0.648459503401	-14.6528056411	0.465994273134	1.39156110018	0.298624913621
TATACGACCAGATAAA	-4.93040424938	1.47911522174	98.5787074283	-4.93040424938	-10.4124780001	1.47911522174	-3.33334697455	0.0794248074278
TATACGGAACCAACTA	-0.311167444993	0.450095000498	57.1735049611	-0.311167444993	-12.7875605447	0.450095000498	-0.691337261353	0.560818598772
TATACGGAACGATAGC	0.0946424781003	0.642946368733	78.9487798337	0.0946424781003	-13.4391970531	0.642946368733	0.147201201691	0.896472335653
TATACGGACAGATAAA	0.403193820042	0.358527635958	43.1482971306	0.403193820042	-12.6796415374	0.358527635958	1.12458226258	0.377598587218
TATACGGACGAGATAT	1.22011344387	0.302181879098	34.7278090641	1.22011344387	-15.2047672236	0.302181879098	4.03767905445	0.0562164373151
TATACGGACTCCTCGC	0.885267093638	0.303175689268	34.835076428	0.885267093638	-14.4746286773	0.303175689268	2.91998047659	0.100000298887
TATACGGAGTAAGAAT	0.352311030731	0.504866804872	64.7626709574	0.352311030731	-14.7737048358	0.504866804872	0.697829659885	0.557498772351
TATACGGATACGGATA	0.162839749668	0.0715684284071	2.94985250737	0.162839749668	-12.9340047336	0.0715684284071	2.27530146033	0.15068739199
TATACGGATATACTTA	0.231935419136	0.275275392202	29.8739608474	0.231935419136	-15.7184495905	0.275275392202	0.84255776472	0.488173502976
TATACGGATGATTATA	0.283794731207	0.249565397416	25.1273799946	0.283794731207	-13.7270530848	0.249565397416	1.13715576817	0.373363097696
TATACTGAACCAACTA	-0.431196855487	0.299544708176	34.1646554036	-0.431196855487	-13.4053680712	0.299544708176	-1.43950750495	0.286653801592
TATACTGAACGATAGC	-0.0946966006542	0.436389966461	54.7599892733	-0.0946966006542	-14.0957514488	0.436389966461	-0.216999949431	0.848332938456
TATACTGACAGATAAA	0.196960334257	0.290035798331	32.3679270582	0.196960334257	-13.2556537066	0.290035798331	0.679089737856	0.567130496327
TATACTGACTCCTCGC	1.21090177971	0.18318838485	15.1246983105	1.21090177971	-14.5419885073	0.18318838485	6.61014496473	0.0221295622219
TATACTGATACGGATA	0.399366338842	0.482351522927	61.6519174041	0.399366338842	-13.4127790246	0.482351522927	0.827957039336	0.494764120243
TATACTGATGATTATA	0.572215132951	0.237912613225	23.3306516492	0.572215132951	-14.4201883965	0.237912613225	2.40514836601	0.137975016342
TATAGCACCAGATAAA	0.345698512875	0.258445708831	26.2805041566	0.345698512875	-14.2665403874	0.258445708831	1.33760593062	0.312844517533
TATAGCGAACCAACTA	-0.707491719461	0.305424809556	35.1568785197	-0.707491719461	-12.9641668148	0.305424809556	-2.31641863177	0.146492724628
TATAGCGAACGATAGC	-0.248492866625	0.185549222887	15.5537677662	-0.248492866625	-13.4181801077	0.185549222887	-1.33922881896	0.31240484841
TATAGCGACAGATAAA	0.406171119198	0.0609540153079	2.03807991419	0.406171119198	-12.7983879955	0.0609540153079	6.66356624985	0.0217876276724
TATAGCGACGAGATAT	-0.0234960358916	0.303168447936	34.808259587	-0.0234960358916	-14.7536257831	0.303168447936	-0.0775015871589	0.945280209118
TATAGCGACTCCTCGC	0.0746089795615	0.275245322297	28.5063019576	0.0746089795615	-13.4875688264	0.275245322297	0.271063569541	0.811755756943
TATAGCGAGTAAGAAT	-0.591715654322	1.35655080851	98.0960042907	-0.591715654322	-14.5387027915	1.35655080851	-0.436191295312	0.705266924182
TATAGCGATACGGATA	0.724914032133	0.13435052084	9.19817645481	0.724914032133	-13.1784971238	0.13435052084	5.39569201222	0.032674198818
TATAGCGATGATTATA	0.397691218887	0.61950962141	76.9643336015	0.397691218887	-13.9984242586	0.61950962141	0.641945185584	0.586666252115
TATATCGAACCAACTA	-0.155345321182	0.556962106999	70.5014749263	-0.155345321182	-14.000687215	0.556962106999	-0.278915422126	0.806504306299
TATATCGAACGATAGC	-0.441143970683	0.291765122714	32.6897291499	-0.441143970683	-14.1374629291	0.291765122714	-1.51198322328	0.269675006186
TATATCGACAGATAAA	-0.2689446938	0.241850211516	24.1619737195	-0.2689446938	-13.310799055	0.241850211516	-1.11203001277	0.381882168147
TATATCGACGAGATAT	0.106998493537	0.790972749855	88.5223920622	0.106998493537	-15.3140955054	0.790972749855	0.135274563576	0.904781054707
TATATCGATACGGATA	0.884438267627	0.424945403545	53.4727809064	0.884438267627	-14.4857923012	0.424945403545	2.08129858624	0.172875920235
TATATCGATGATTATA	-0.778660711064	0.483722973232	61.8664521319	-0.778660711064	-14.5219188567	0.483722973232	-1.609724479	0.248744209457
TATATCTTACCAACTA	-0.803173623558	0.213337651606	19.2276749799	-0.803173623558	-14.167675243	0.213337651606	-3.76480015371	0.0638682722929
TATATCTTACGATAGC	-0.382988136423	0.315384478667	36.4709037275	-0.382988136423	-14.4745708141	0.315384478667	-1.2143531541	0.348537759095
TATATCTTTACGGATA	-0.911872116446	0.582788406673	73.4781442746	-0.911872116446	-13.7882134472	0.582788406673	-1.56467099552	0.258124365992
TATATCTTTGATTATA	-0.25044576373	0.240951297688	23.7329042639	-0.25044576373	-14.6679927934	0.240951297688	-1.0394040876	0.407779246721
TATCCCGACTCCTCGC	0.164765219704	0.443826285956	56.2885492089	0.164765219704	-15.261999848	0.443826285956	0.371238083272	0.746097377861
TATCTTTGACCAACTA	-0.396383723975	0.489293204164	62.7782247251	-0.396383723975	-13.7054489713	0.489293204164	-0.810114918011	0.502939561936
TATCTTTGACGATAGC	0.306446644231	0.490928722328	62.9927594529	0.306446644231	-14.5766426357	0.490928722328	0.624218201734	0.596197104655
TATCTTTGCGAGATAT	-0.385467366555	0.301957220311	34.6741753821	-0.385467366555	-15.0531433823	0.301957220311	-1.27656283946	0.329942525495
TATCTTTGGTAAGAAT	0.290789408475	0.300736949926	34.2451059265	0.290789408475	-14.2361969748	0.300736949926	0.966922782674	0.435593243314
TATCTTTGGTACCGGC	-0.749215471125	0.389884127492	48.6189326897	-0.749215471125	-14.6343545723	0.389884127492	-1.92163624599	0.19459824361
TATCTTTGTAAACAAC	0.237382859579	0.862187021431	90.8018235452	0.237382859579	-15.1300627946	0.862187021431	0.275326412575	0.808902661904
TATCTTTGTACGGATA	0.725653459837	0.281109929053	30.9198176455	0.725653459837	-13.8407087894	0.281109929053	2.58138679868	0.122989190962
TATCTTTGTGATTATA	0.172754727282	0.0683461687982	2.68168409761	0.172754727282	-14.2343856074	0.0683461687982	2.52764317767	0.127307617622
TATGCCACCAGATAAA	0.0594163252185	0.972521729504	93.7516760526	0.0594163252185	-14.0340953015	0.972521729504	0.0610951132668	0.956839487709
TATGCCGAACCAACTA	-0.756794427286	0.505542047429	64.8967551622	-0.756794427286	-12.676044204	0.505542047429	-1.49699600881	0.273079934156
TATGCCGAACGATAGC	0.386739690224	0.503219550805	64.4408688656	0.386739690224	-14.0037502216	0.503219550805	0.768530732968	0.522517181429
TATGCCGACAGATAAA	0.322254691971	0.284197111494	31.3488871011	0.322254691971	-12.9270718132	0.284197111494	1.13391262239	0.374450309334
TATGCCGACTCCTCGC	0.780730101214	0.387902439099	47.9753285063	0.780730101214	-14.1884458359	0.387902439099	2.01269706637	0.181786482558
TATGCCGAGTAAGAAT	1.58353931344	0.389014009651	48.35076428	1.58353931344	-15.6944689974	0.389014009651	4.07064854774	0.0553834379708
TATGCCGATACGGATA	0.322902678119	0.0997570044842	5.68517028694	0.322902678119	-13.0954818352	0.0997570044842	3.23689228429	0.083642473374
TATGCCGATGATTATA	0.212691952504	0.201010145648	17.5113971574	0.212691952504	-13.5157969275	0.201010145648	1.05811550864	0.400922460756
TATGCGCGTATACTTA	0.38603756317	1.34223448607	98.0423706087	0.38603756317	-14.7830857612	1.34223448607	0.287608139396	0.800709823748
TATTCAGAACCAACTA	-0.853476168464	0.722671503506	84.7680343256	-0.853476168464	-14.0077188819	0.722671503506	-1.18100155371	0.359018297787
TATTCAGATAAACAAC	1.26205677507	0.803354421778	88.8978278359	1.26205677507	-15.443734601	0.803354421778	1.57098379103	0.256783052219
TATTCAGATACGGATA	0.318308063369	0.293431925074	33.0651649236	0.318308063369	-13.8076806	0.293431925074	1.08477652283	0.391375494686
TATTCCACCAGATAAA	0.701669663482	0.379026889202	46.4199517297	0.701669663482	-15.5289463292	0.379026889202	1.85123980243	0.205343911691
TATTCCGAACCAACTA	-0.443600507592	0.920245811104	92.3572003218	-0.443600507592	-13.9168605926	0.920245811104	-0.482045668928	0.677369598708
TATTCCGAACGATAGC	0.0584712025807	0.770319777219	86.9670152856	0.0584712025807	-14.5637927014	0.770319777219	0.0759051037114	0.946404130207
TATTCCGACAGATAAA	-0.628250750315	0.978749379857	93.8857602574	-0.628250750315	-13.5364778211	0.978749379857	-0.641891339341	0.586694999841
TATTCCGATACGGATA	0.128423023861	0.310103322778	35.907750067	0.128423023861	-14.0270133889	0.310103322778	0.414129789743	0.718967720031
TATTCCGATGATTATA	0.366428082686	0.61118420553	76.2134620542	0.366428082686	-15.0157294403	0.61118420553	0.599537879695	0.60968823969
TCAATCTTACCAACTA	-1.1757783063	0.0541464163839	1.74309466345	-1.1757783063	-13.8283019066	0.0541464163839	-21.7147945299	0.00211402290148
TCAATCTTGTAAGAAT	-0.718014823462	0.552520878421	69.7774202199	-0.718014823462	-14.6194140881	0.552520878421	-1.29952523335	0.323381024046
TCAATCTTTACGGATA	-0.429603032165	0.651740795091	79.5655671762	-0.429603032165	-13.6633067681	0.651740795091	-0.65916240843	0.577537678501
TCAATCTTTGATTATA	0.231935424889	0.275275390577	28.9621882542	0.231935424889	-15.2076239716	0.275275390577	0.842557790592	0.488173491377
TCAGAGTTACCAACTA	-0.34408503445	0.275176889626	28.4794851167	-0.34408503445	-12.9251621288	0.275176889626	-1.25041399704	0.337610709493
TCAGAGTTACGATAGC	0.380549070731	0.614159709159	76.4816304639	0.380549070731	-14.285952985	0.614159709159	0.619625587703	0.598688079834
TCAGAGTTAGCAATCA	0.344585705814	0.803879141411	89.0050951998	0.344585705814	-14.719719417	0.803879141411	0.428653622246	0.709928111246
TCAGAGTTCAGATAAA	-0.40126413692	0.751006538679	86.2697774202	-0.40126413692	-14.1285710655	0.751006538679	-0.534301788671	0.646574348402
TCAGAGTTCCACGGCA	0.583701156941	0.226113704307	20.9707696433	0.583701156941	-13.5895588305	0.226113704307	2.58144971234	0.122984256744
TCAGAGTTCGAGATAT	-0.256118290658	0.503957054387	64.6285867525	-0.256118290658	-14.8854528554	0.503957054387	-0.508214516354	0.661812166239
TCAGAGTTCTCCTCGC	1.268365448	2.9836507851	99.8390989541	1.268365448	-12.9609181094	2.9836507851	0.425105194728	0.712129598393
TCAGAGTTGTAAGAAT	0.156850350388	0.216844548712	19.4422097077	0.156850350388	-14.1474577432	0.216844548712	0.723330843775	0.544634105572
TCAGAGTTTACGGATA	0.48201708696	0.401473703319	50.1743094663	0.48201708696	-13.4281309525	0.401473703319	1.20061932569	0.352809285291
TCAGAGTTTGATTATA	-0.452175987992	0.581555824915	73.3976937517	-0.452175987992	-13.4696326182	0.581555824915	-0.777528086934	0.518218917831
TCAGTGCTACCAACTA	-0.531240879201	0.682865489406	81.8986323411	-0.531240879201	-13.5585867501	0.682865489406	-0.77795830576	0.518014256071
TCAGTGCTACGATAGC	0.106858985428	0.167591293431	13.0866183964	0.106858985428	-13.4524671837	0.167591293431	0.637616568501	0.588981180118
TCAGTGCTCAGATAAA	0.522144349322	0.337909793041	39.9570930544	0.522144349322	-14.5543051083	0.337909793041	1.54521816199	0.26231427027
TCAGTGCTCCTATTTA	-0.0481947627438	0.396333409949	49.423437919	-0.0481947627438	-14.8124577979	0.396333409949	-0.121601564577	0.914330822127
TCAGTGCTCGAGATAT	0.296856864549	0.460838377986	58.3534459641	0.296856864549	-13.7392820827	0.460838377986	0.644166976385	0.585481148049
TCAGTGCTCTCCTCGC	0.739757343581	0.324271893994	37.6508447305	0.739757343581	-13.953729061	0.324271893994	2.28128726936	0.15006651784
TCAGTGCTGTAAGAAT	0.904565885514	0.478615083042	60.8742290158	0.904565885514	-14.2262119594	0.478615083042	1.88996527181	0.199337498892
TCAGTGCTTACGGATA	0.34927569889	0.221870258497	19.9249128453	0.34927569889	-14.5227454857	0.221870258497	1.57423397465	0.256095943599
TCAGTGCTTGATTATA	-0.168005090158	0.47367576455	60.0429069456	-0.168005090158	-15.1238269147	0.47367576455	-0.354683736707	0.75673478237
TCCATCTTACCAACTA	-0.844175613772	0.139208427516	9.65406275141	-0.844175613772	-13.1706914214	0.139208427516	-6.06411284744	0.0261322823539
TCCATCTTACGATAGC	-1.15989878167	0.66087117313	80.1287208367	-1.15989878167	-13.6415267607	0.66087117313	-1.75510572836	0.221328111853
TCCATCTTTACGGATA	-0.65791963243	0.660609812425	80.1019039957	-0.65791963243	-13.1655505864	0.660609812425	-0.995927732309	0.424220341728
TCCATCTTTGATTATA	-0.578009722704	0.549454273542	69.4019844462	-0.578009722704	-13.9821681747	0.549454273542	-1.05197056523	0.403159921822
TCCTCAGATACGGATA	-0.573303127743	0.224607828355	20.7830517565	-0.573303127743	-15.1078840978	0.224607828355	-2.55246280568	0.125287357654
TCGATCTTACCAACTA	-0.661534662498	0.363835568026	44.1137034057	-0.661534662498	-12.0743763813	0.363835568026	-1.81822427666	0.210656014026
TCGATCTTACGATAGC	0.687990843548	0.139415450117	9.73451327434	0.687990843548	-13.6326294312	0.139415450117	4.93482496361	0.0386957480163
TCGATCTTCAGATAAA	0.596265841863	0.668166923513	80.5041566104	0.596265841863	-14.3022760009	0.668166923513	0.892390540268	0.46634774458
TCGATCTTCCACGGCA	0.401705382705	0.478157233838	60.7401448109	0.401705382705	-14.7807897048	0.478157233838	0.840111482746	0.489271499837
TCGATCTTCCTATTTA	-0.0678514134329	0.564678721089	71.922767498	-0.0678514134329	-14.2330173121	0.564678721089	-0.120159324053	0.915339565012
TCGATCTTCGAGATAT	-0.448942310977	0.627290045967	77.7956556718	-0.448942310977	-13.413192443	0.627290045967	-0.715685373717	0.548461739047
TCGATCTTGTAAGAAT	-0.854720464685	0.0449092883629	1.2335746849	-0.854720464685	-13.6046469866	0.0449092883629	-19.0321533884	0.00274935120985
TCGATCTTTACGGATA	-0.337481988303	0.28633933732	31.6975060338	-0.337481988303	-12.5886178183	0.28633933732	-1.17860854	0.359784428808
TCGATCTTTATACTTA	-0.904739454299	0.483086610445	61.759184768	-0.904739454299	-14.1685003948	0.483086610445	-1.87283074036	0.20196585411
TCGATCTTTGATTATA	0.335865291126	0.234234604161	22.499329579	0.335865291126	-13.2830463084	0.234234604161	1.43388417065	0.288026511545
TCGGCCATACCAACTA	0.00989169601175	0.684481101522	82.2204344328	0.00989169601175	-13.8725347286	0.684481101522	0.0144513792853	0.989781865191
TCGGCCATACGATAGC	0.45525987147	0.438310900122	55.108608206	0.45525987147	-15.2997827181	0.438310900122	1.03866883379	0.408051345445
TCGGCCATATCGGTCC	0.153794378733	0.601720820952	75.3821399839	0.153794378733	-14.9567357599	0.601720820952	0.255590920868	0.822151158335
TCGGCCATCAGATAAA	-0.0427037456282	0.107542538891	6.65057656208	-0.0427037456282	-14.9993810835	0.107542538891	-0.397087013832	0.729671174293
TCGGCCATCCACGGCA	-0.668033765712	0.235924546538	22.7406811478	-0.668033765712	-13.6883300788	0.235924546538	-2.83155684948	0.105375130369
TCGGCCATCGAGATAT	0.0436252881846	0.405653475541	50.603378922	0.0436252881846	-14.237750349	0.405653475541	0.1075432378	0.924174372472
TCGGCCATGTAAGAAT	0.231935424889	0.275275390577	28.9621882542	0.231935424889	-15.2076239716	0.275275390577	0.842557790592	0.488173491377
TCGGCCATGTACCGGC	-0.659722580873	0.278958246733	30.6516492357	-0.659722580873	-14.1101640173	0.278958246733	-2.36495098675	0.14174638795
TCGGCCATTAAACAAC	0.316486825615	0.272224315731	27.9699651381	0.316486825615	-15.4673916857	0.272224315731	1.16259572465	0.364960465054
TCGGCCATTACGGATA	-0.54729773345	0.43377080885	54.5722713864	-0.54729773345	-13.6174220191	0.43377080885	-1.26172098787	0.334268970843
TCGGCCATTGATTATA	0.725553059748	0.742396966375	85.6529900778	0.725553059748	-14.3043929836	0.742396966375	0.977311455475	0.431482117849
TCGTAACTACCAACTA	-0.511261567614	0.113628632918	7.32099758648	-0.511261567614	-13.5013606913	0.113628632918	-4.49940789117	0.0460131933311
TCGTAACTACGATAGC	0.45525987147	0.438310900122	55.108608206	0.45525987147	-15.2997827181	0.438310900122	1.03866883379	0.408051345445
TCGTAACTCGAGATAT	0.919815111274	0.120648891466	7.99141861089	0.919815111274	-14.3447731439	0.120648891466	7.62390022897	0.0167730002234
TCGTAACTTACGGATA	0.316486825615	0.272224315731	27.9699651381	0.316486825615	-15.4673916857	0.272224315731	1.16259572465	0.364960465054
TCTAACTTACCAACTA	-0.114749427032	0.17755615604	14.4542772861	-0.114749427032	-13.7010348639	0.17755615604	-0.646271183109	0.584360704348
TCTAACTTACGATAGC	0.36683466698	0.707800583126	83.8830785733	0.36683466698	-14.5042184213	0.707800583126	0.518274038938	0.655903918234
TCTAACTTCGAGATAT	-0.399475548262	1.38682705854	98.2032716546	-0.399475548262	-14.7619245342	1.38682705854	-0.28805001013	0.800415828967
TCTAACTTGTAAGAAT	-1.02630463408	0.59278918264	74.4167337088	-1.02630463408	-14.2798452852	0.59278918264	-1.7313147138	0.225535057594
TCTAACTTTACGGATA	-0.885257118759	0.252307343562	25.4223652454	-0.885257118759	-13.4997199578	0.252307343562	-3.50864586921	0.0725069190395
TCTAACTTTGATTATA	1.01815568334	0.784372737781	87.9860552427	1.01815568334	-15.0243795112	0.784372737781	1.29805083004	0.323797570143
TCTACCTTACCAACTA	-0.8769417995	0.41155100968	51.4883346742	-0.8769417995	-13.3075746637	0.41155100968	-2.13082164513	0.166808337414
TCTACCTTACGATAGC	-0.0715489235035	0.0969800012169	5.36336819523	-0.0715489235035	-14.3897228007	0.0969800012169	-0.737769876322	0.53747375053
TCTACCTTGTAAGAAT	-0.288898069511	0.107814433504	6.78466076696	-0.288898069511	-14.8127062659	0.107814433504	-2.67958621236	0.115613544943
TCTACCTTTACGGATA	-1.41575809754	0.581574546489	73.4245105927	-1.41575809754	-13.245611543	0.581574546489	-2.43435361139	0.135321807192
TCTACCTTTATACTTA	0.0167451288682	0.686018526411	82.4617860016	0.0167451288682	-15.0697843238	0.686018526411	0.0244091496418	0.982742695078
TCTACCTTTGATTATA	-0.168329343989	0.265960499562	26.92410834	-0.168329343989	-14.3934774772	0.265960499562	-0.632911068623	0.591506713991
TCTACTTTGTAAGAAT	-1.09224723688	0.480984478298	61.1692142666	-1.09224723688	-8.25605126643	0.480984478298	-2.27085755603	0.151150624397
TCTAGCTTACCAACTA	-0.139789296064	0.102791922345	6.08742290158	-0.139789296064	-12.8796869105	0.102791922345	-1.35992491311	0.306863693874
TCTAGCTTACGATAGC	0.23869359549	0.17137489298	13.5425046929	0.23869359549	-13.8297114639	0.17137489298	1.39281543136	0.298303919152
TCTAGCTTCCACGGCA	0.257837184392	0.441611422742	55.5644945025	0.257837184392	-15.0953050888	0.441611422742	0.58385533325	0.618394151505
TCTAGCTTCCTATTTA	-0.0397160878542	0.729621335547	85.0362027353	-0.0397160878542	-14.292438065	0.729621335547	-0.054433835634	0.961537946327
TCTAGCTTCGAGATAT	0.578717745223	0.523295651123	66.8812013945	0.578717745223	-14.7663905568	0.523295651123	1.10590971658	0.383990974508
TCTAGCTTGTAAGAAT	-0.596969627288	0.378577784916	46.1249664789	-0.596969627288	-13.8027900893	0.378577784916	-1.57687442601	0.255539467377
TCTAGCTTTACGGATA	-0.0679624726003	0.881423364374	91.4454277286	-0.0679624726003	-13.0537157437	0.881423364374	-0.0771053676896	0.945559127579
TCTAGCTTTATACTTA	-0.718014823462	0.552520878421	69.7774202199	-0.718014823462	-14.6194140881	0.552520878421	-1.29952523335	0.323381024046
TCTAGCTTTGATTATA	-0.02832477135	0.216861817595	19.4690265487	-0.02832477135	-13.6611574674	0.216861817595	-0.130612072075	0.908034706083
TCTATATTACCAACTA	0.477871922014	0.602185925283	75.4357736659	0.477871922014	-14.6305335147	0.602185925283	0.79356209096	0.51064453643
TCTATATTTACGGATA	-0.769919779417	0.551976805794	69.670152856	-0.769919779417	-14.260798101	0.551976805794	-1.39484081819	0.297786505278
TCTATCATACCAACTA	0.035269011008	0.19251683232	16.2510056315	0.035269011008	-13.7375472561	0.19251683232	0.183199622511	0.871531736253
TCTATCATACGATAGC	-0.0427037456282	0.107542538891	6.65057656208	-0.0427037456282	-14.9993810835	0.107542538891	-0.397087013832	0.729671174293
TCTATCATCAGATAAA	0.782497790675	0.278859683504	30.6248323947	0.782497790675	-15.7074012874	0.278859683504	2.80606282286	0.107000779249
TCTATCATCGAGATAT	-0.280530699262	0.365622992274	44.3550549745	-0.280530699262	-14.5773900103	0.365622992274	-0.767267664206	0.523123346019
TCTATCATGTAAGAAT	-0.669202474394	0.49238852312	63.2072941807	-0.669202474394	-14.2882886293	0.49238852312	-1.35909437969	0.307083727683
TCTATCATTACGGATA	-0.815631500895	0.407086731578	50.8983641727	-0.815631500895	-13.4768116145	0.407086731578	-2.00358163906	0.183016891361
TCTATCATTGATTATA	0.706666213549	0.722061918168	84.6607669617	0.706666213549	-14.4835530627	0.722061918168	0.978678137938	0.430944422127
TCTATCCTACCAACTA	-1.05682315249	0.0816744986405	3.4861893269	-1.05682315249	-13.1478347668	0.0816744986405	-12.9394507476	0.00591968521541
TCTATCCTACGATAGC	0.1620231209	0.0988336179672	5.55108608206	0.1620231209	-13.6366312309	0.0988336179672	1.63935231991	0.242813661369
TCTATCCTCCACGGCA	-0.0346369704607	0.345623300559	41.3515687852	-0.0346369704607	-15.3080019405	0.345623300559	-0.100215958833	0.929313873081
TCTATCCTCCTATTTA	0.396825710511	0.309110742139	35.7468490212	0.396825710511	-14.9469728331	0.309110742139	1.28376551318	0.327867211619
TCTATCCTCGAGATAT	-0.420684907541	0.381273767667	46.7149369804	-0.420684907541	-14.3937920381	0.381273767667	-1.10336703759	0.384870993635
TCTATCCTGTAAGAAT	0.00831833333304	0.6267488266	77.6883883079	0.00831833333304	-14.0610929031	0.6267488266	0.0132721961015	0.990615553397
TCTATCCTGTACCGGC	-0.210166978218	0.086358431572	4.42477876106	-0.210166978218	-15.3832290908	0.086358431572	-2.43365904629	0.135384079429
TCTATCCTTACGGATA	-0.314219241404	0.21323970524	19.1740412979	-0.314219241404	-13.6190373069	0.21323970524	-1.47354940793	0.27851634252
TCTATCCTTGATTATA	0.848144906257	0.0860118335193	3.78117457763	0.848144906257	-14.464684369	0.0860118335193	9.86079323686	0.0101283568402
TCTATCGTACCAACTA	-0.803617494143	0.0168942669894	0.214534727809	-0.803617494143	-12.0423868552	0.0168942669894	-47.5674673929	0.000441664150219
TCTATCGTACGATAGC	0.668589067042	0.300061562475	34.1914722446	0.668589067042	-13.5314408938	0.300061562475	2.22817298399	0.155701559476
TCTATCGTCAGATAAA	0.123300017363	0.521023979406	66.6398498257	0.123300017363	-13.912039541	0.521023979406	0.236649410078	0.834958348733
TCTATCGTCCACGGCA	-0.711793830994	0.639041250134	78.3856261732	-0.711793830994	-14.1622136243	0.639041250134	-1.1138464549	0.381258850667
TCTATCGTCCTATTTA	-0.620109816535	0.307516386396	35.5054974524	-0.620109816535	-13.7008023445	0.307516386396	-2.01650983157	0.181275143423
TCTATCGTCGAGATAT	0.0763594979023	0.280391448056	30.8930008045	0.0763594979023	-13.4884272875	0.280391448056	0.272331764866	0.810906459846
TCTATCGTGTAAGAAT	-0.78465103551	0.0884809435495	4.55886296594	-0.78465103551	-13.5117612385	0.0884809435495	-8.86802292146	0.0124783669792
TCTATCGTTACGGATA	-0.546650447858	0.239440107925	23.545186377	-0.546650447858	-12.3368914465	0.239440107925	-2.28303625735	0.149885770876
TCTATCGTTATACTTA	-0.392660910686	0.174916781081	14.1861088764	-0.392660910686	-13.9601990318	0.174916781081	-2.24484413822	0.153901981011
TCTATCGTTGATTATA	0.313550366229	0.18748825469	15.741485653	0.313550366229	-13.2351008795	0.18748825469	1.67237338012	0.236417512959
TCTATCTAACCAACTA	3.83575174263	3.80604825864	99.8927326361	3.83575174263	-12.6957991627	3.80604825864	1.00780428465	0.419657561386
TCTATCTACAGATAAA	-0.286074610663	0.977451945258	93.8589434165	-0.286074610663	-14.3940074345	0.977451945258	-0.292673836347	0.797342651984
TCTATCTACCACGGCA	-0.168005090158	0.47367576455	60.0429069456	-0.168005090158	-15.1238269147	0.47367576455	-0.354683736707	0.75673478237
TCTATCTATACGGATA	-0.99926090815	0.478229896887	60.7669616519	-0.99926090815	-13.2625873891	0.478229896887	-2.0894990352	0.171850687414
TCTATCTATGATTATA	0.0499685791379	0.236234947674	23.0356663985	0.0499685791379	-14.8644057572	0.236234947674	0.211520690016	0.85207768272
TCTATCTCACCAACTA	-1.06402450555	0.454058104149	57.5757575758	-1.06402450555	-12.9136120014	0.454058104149	-2.3433664014	0.143830626508
TCTATCTCACGATAGC	0.190167056644	0.31274712183	36.0954679539	0.190167056644	-14.2649316314	0.31274712183	0.608053738533	0.605004098511
TCTATCTCCAGATAAA	-0.79018458536	0.680752540191	81.7913649772	-0.79018458536	-14.5131194871	0.680752540191	-1.16075157816	0.365562134951
TCTATCTCCGAGATAT	3.30630322742	0.577052320202	73.049074819	3.30630322742	-15.0322194728	0.577052320202	5.72964203013	0.0291363354774
TCTATCTCTACGGATA	-0.517490232561	0.222078323401	20.0053633682	-0.517490232561	-13.1996892221	0.222078323401	-2.33021496486	0.145121390123
TCTATCTCTGATTATA	1.0464676165	0.46413406643	59.0238669885	1.0464676165	-14.7383643772	0.46413406643	2.25466668403	0.152855045792
TCTATCTGACCAACTA	-0.424773075488	0.123501030857	8.15231965674	-0.424773075488	-12.4017883866	0.123501030857	-3.43942939213	0.0751305838166
TCTATCTGACGATAGC	-0.175002636122	0.424652300136	53.4459640654	-0.175002636122	-13.3218234753	0.424652300136	-0.412108061268	0.720232057131
TCTATCTGCCTATTTA	0.768115683501	0.194199530696	16.4387235184	0.768115683501	-14.8926730174	0.194199530696	3.95529114179	0.0583795211969
TCTATCTGCGAGATAT	0.466673937544	0.848191710916	90.1314025208	0.466673937544	-14.1696915164	0.848191710916	0.55019865384	0.637423967067
TCTATCTGGTAAGAAT	-1.23748094647	0.433222018391	54.5186377045	-1.23748094647	-13.3009344122	0.433222018391	-2.85645903011	0.103820793349
TCTATCTGTACGGATA	-1.02217497069	0.236176992712	22.8747653526	-1.02217497069	-12.6244853347	0.236176992712	-4.32800400644	0.0494585757012
TCTATCTGTATACTTA	-0.529201404109	0.658479388473	79.9410029499	-0.529201404109	-13.973092346	0.658479388473	-0.803671934723	0.505924832379
TCTATCTGTGATTATA	0.258221392544	0.196196741788	16.7873424511	0.258221392544	-13.3835423235	0.196196741788	1.31613496835	0.318733052798
TCTATCTTAACAACTA	-0.826465564793	0.217146080171	19.5226602306	-0.826465564793	-13.8859296602	0.217146080171	-3.80603492424	0.0626184221442
TCTATCTTAACGGATA	-0.907220634043	0.332262808823	38.6162510056	-0.907220634043	-13.9334785718	0.332262808823	-2.73043088168	0.112037521288
TCTATCTTAAGATAAA	-0.184879133464	0.597405291902	74.7921694824	-0.184879133464	-14.9946862316	0.597405291902	-0.30947019715	0.786229961667
TCTATCTTACAAACTA	-0.918501020795	0.426298473997	53.6068651113	-0.918501020795	-13.7305701941	0.426298473997	-2.15459607956	0.163998346678
TCTATCTTACAATAGC	0.232672451542	0.841315831113	89.9973183159	0.232672451542	-13.9483080451	0.841315831113	0.276557795464	0.808079402207
TCTATCTTACCAAATA	0.237493422628	0.56885111474	72.1909359078	0.237493422628	-14.4373068911	0.56885111474	0.417496628686	0.716865431265
TCTATCTTACCAACAA	-1.43465787506	0.553238613023	69.8310539019	-1.43465787506	-13.6876230199	0.553238613023	-2.59319910304	0.12206761466
TCTATCTTACCAACCA	-0.272206310404	0.25601435636	25.851434701	-0.272206310404	-12.74137829	0.25601435636	-1.06324627366	0.399064963024
TCTATCTTACCAACTA	-0.751405077015	0.018617917124	0.241351568785	-0.751405077015	-3.69949449255	0.018617917124	-40.3592449151	0.000613358269621
TCTATCTTACCAACTC	-0.910898380281	0.0480046044582	1.39447573076	-0.910898380281	-12.3215044464	0.0480046044582	-18.9752293673	0.00276580310162
TCTATCTTACCAACTG	-1.4285629018	0.198024692072	17.0286940198	-1.4285629018	-12.8752882504	0.198024692072	-7.21406450302	0.0186783173855
TCTATCTTACCAACTT	-1.05510035848	0.620201732161	77.0716009654	-1.05510035848	-13.5107453239	0.620201732161	-1.7012212378	0.231007695615
TCTATCTTACCAAGTA	-1.14728005635	0.45051618989	57.3612228479	-1.14728005635	-14.4997292943	0.45051618989	-2.54659007177	0.125761311481
TCTATCTTACCAATTA	-0.221130028868	0.659043732484	79.9946366318	-0.221130028868	-13.8132579826	0.659043732484	-0.335531646791	0.769151661219
TCTATCTTACCACCTA	-0.129239361204	0.481585513624	61.4105658353	-0.129239361204	-14.7534639931	0.481585513624	-0.268362227575	0.813566223781
TCTATCTTACCAGCTA	-1.05902003755	0.408441172958	51.0592652186	-1.05902003755	-12.9288016156	0.408441172958	-2.59283369961	0.122095977453
TCTATCTTACCATAGC	0.321863678898	0.0489899610152	1.44810941271	0.321863678898	-14.426498524	0.0489899610152	6.56999255007	0.0223918325084
TCTATCTTACCATCTA	-0.664689922141	0.352294000781	42.5851434701	-0.664689922141	-13.0388083741	0.352294000781	-1.88674777506	0.199827555629
TCTATCTTACCCACTA	0.535343988852	0.595082295012	74.6044515956	0.535343988852	-14.8498943521	0.595082295012	0.899613370015	0.46326920236
TCTATCTTACCGACTA	-1.5690911789	0.238054764161	23.3842853312	-1.5690911789	-12.3355778752	0.238054764161	-6.5913034105	0.0222520622164
TCTATCTTACCTACTA	-0.43740862208	0.514314761806	65.8889782784	-0.43740862208	-13.3025335158	0.514314761806	-0.850468729584	0.48463984119
TCTATCTTACGAAAGC	1.24565361265	0.502891803858	64.4140520247	1.24565361265	-15.6158783905	0.502891803858	2.47698133693	0.131575027841
TCTATCTTACGAACTA	-0.701483832353	1.04387215157	95.1193349423	-0.701483832353	-13.8255576382	1.04387215157	-0.672001673096	0.570812795227
TCTATCTTACGACAGC	-0.0759484030204	0.333969592546	38.9112362564	-0.0759484030204	-14.1523405657	0.333969592546	-0.227411131778	0.841235603923
TCTATCTTACGATAAC	0.719615754473	0.541570748747	68.8656476267	0.719615754473	-15.0123876963	0.541570748747	1.32875668809	0.315255271615
TCTATCTTACGATACC	0.59331750608	0.236252054367	23.0624832395	0.59331750608	-13.8392554445	0.236252054367	2.51137501289	0.128656597553
TCTATCTTACGATAGA	0.151176490841	0.530270214439	67.5248055779	0.151176490841	-14.7871588267	0.530270214439	0.2850933104	0.802384065837
TCTATCTTACGATAGC	0.0949835897492	0.0512334917292	1.60901045857	0.0949835897492	-4.84677993889	0.0512334917292	1.85393551256	0.204918064307
TCTATCTTACGATAGG	0.404681709194	0.785168592288	88.0933226066	0.404681709194	-14.6367297031	0.785168592288	0.515407408254	0.657583451664
TCTATCTTACGATAGT	-0.286048573877	0.508970572407	65.2453740949	-0.286048573877	-14.1326725742	0.508970572407	-0.562013973665	0.63069006539
TCTATCTTACGATATC	0.325688091453	0.321702533259	37.3558594798	0.325688091453	-14.9064711494	0.321702533259	1.01238895496	0.417910676522
TCTATCTTACGATCGC	-0.793489487319	0.155288580813	11.6116921427	-0.793489487319	-14.2276698263	0.155288580813	-5.10977357874	0.0362311474568
TCTATCTTACGATGGC	-0.343943165795	0.598867289069	75.0871547332	-0.343943165795	-13.83835364	0.598867289069	-0.574322845934	0.623736218063
TCTATCTTACGGTAGC	-0.113189631059	0.538412763668	68.517028694	-0.113189631059	-14.1881020249	0.538412763668	-0.210228357679	0.852961848436
TCTATCTTACGTTAGC	-0.460399957768	0.176497363149	14.3738267632	-0.460399957768	-14.0948797072	0.176497363149	-2.60853731496	0.120885343679
TCTATCTTACTAACTA	0.154104213935	0.113513650609	7.29418074551	0.154104213935	-13.7215092657	0.113513650609	1.35758310219	0.307484608694
TCTATCTTACTATAGC	0.00115311783496	1.04346979311	95.0925181014	0.00115311783496	-14.4600435604	1.04346979311	0.00110508022616	0.999218590517
TCTATCTTACTATTTA	-0.385467366555	0.301957220311	34.6741753821	-0.385467366555	-15.0531433823	0.301957220311	-1.27656283946	0.329942525495
TCTATCTTAGATTATA	0.140173240924	0.0288302481068	0.48270313757	0.140173240924	-14.5879653923	0.0288302481068	4.86201993144	0.0397945214434
TCTATCTTAGCAACTA	-0.756869312764	0.562909800986	71.7886832931	-0.756869312764	-13.6288814409	0.562909800986	-1.34456588149	0.310964261616
TCTATCTTAGCAATCA	-0.732472373354	1.48235047204	98.6055242692	-0.732472373354	-8.48022878847	1.48235047204	-0.49412901144	0.670152567652
TCTATCTTATAAGAAT	-0.940346132576	0.070811607358	2.9230356664	-0.940346132576	-14.5894620902	0.070811607358	-13.2795479111	0.00562287438697
TCTATCTTATACGGAT	-0.888691323038	0.278755261687	30.383480826	-0.888691323038	-14.7779071872	0.278755261687	-3.18807012883	0.0859006738431
TCTATCTTATCAACTA	0.570793968617	1.54556630705	98.9541432019	0.570793968617	-13.1689343301	1.54556630705	0.369310566628	0.747331305989
TCTATCTTATGATAGC	0.175843489842	0.286267818951	31.6706891928	0.175843489842	-13.957639934	0.286267818951	0.614262163616	0.601608443625
TCTATCTTCAAATAAA	0.316486825615	0.272224315731	27.9699651381	0.316486825615	-15.4673916857	0.272224315731	1.16259572465	0.364960465054
TCTATCTTCAACGGCA	0.231935419136	0.275275392202	29.8739608474	0.231935419136	-15.7184495905	0.275275392202	0.84255776472	0.488173502976
TCTATCTTCAAGATAT	-0.254613860278	0.412291946597	51.5687851971	-0.254613860278	-14.069364614	0.412291946597	-0.617557200376	0.599812866127
TCTATCTTCACATAAA	0.590289964514	0.0381730255229	0.858138911236	0.590289964514	-15.0560072932	0.0381730255229	15.4635362649	0.00415593202121
TCTATCTTCACGGATA	-0.617284978838	0.425420618166	53.4995977474	-0.617284978838	-12.2902683646	0.425420618166	-1.45099920521	0.283873896187
TCTATCTTCAGAAAAA	0.316486825615	0.272224315731	27.9699651381	0.316486825615	-15.4673916857	0.272224315731	1.16259572465	0.364960465054
TCTATCTTCAGACAAA	0.47372287132	0.385469725713	47.5462590507	0.47372287132	-14.8353431772	0.385469725713	1.22894961581	0.34406485698
TCTATCTTCAGATAAA	-0.188587035375	0.128906378146	8.55457227139	-0.188587035375	-5.31775152478	0.128906378146	-1.46297675946	0.28101228578
TCTATCTTCAGATAAC	0.14340920388	0.217963511234	19.6031107536	0.14340920388	-14.0069455578	0.217963511234	0.657950512303	0.578176082698
TCTATCTTCAGATAAG	1.88113576618	0.28374431102	31.2416197372	1.88113576618	-15.7646569146	0.28374431102	6.62968628135	0.0220035663754
TCTATCTTCAGATAAT	-0.0427037456282	0.107542538891	6.65057656208	-0.0427037456282	-14.9993810835	0.107542538891	-0.397087013832	0.729671174293
TCTATCTTCAGATAGA	0.475949146377	0.493278075991	63.7436310003	0.475949146377	-14.7155380073	0.493278075991	0.964869856461	0.436410663064
TCTATCTTCAGATATA	-0.330758835485	0.543229738228	68.9997318316	-0.330758835485	-14.586490718	0.543229738228	-0.608874684518	0.604554153751
TCTATCTTCAGATCAA	-0.93325623055	0.562470656673	71.7350496112	-0.93325623055	-14.4679064969	0.562470656673	-1.65920874179	0.238941003833
TCTATCTTCAGATGAA	-0.0633543700046	0.599944280181	75.1407884151	-0.0633543700046	-13.978433406	0.599944280181	-0.105600423402	0.925536529854
TCTATCTTCAGGTAAA	-0.344167197477	0.63434472554	78.1442746045	-0.344167197477	-14.7504445293	0.63434472554	-0.542555464907	0.641810581266
TCTATCTTCATACTTA	-0.876496812271	1.1596120917	96.594261196	-0.876496812271	-14.0986878368	1.1596120917	-0.755853460435	0.528632093175
TCTATCTTCCACGGCA	0.198793151722	0.139311686695	9.68087959238	0.198793151722	-6.53431406762	0.139311686695	1.42696679969	0.289726376331
TCTATCTTCCACGGCC	0.383905601184	0.458905267859	58.1120943953	0.383905601184	-14.9862673527	0.458905267859	0.836568303029	0.490866273544
TCTATCTTCCACGGCG	0.231935419136	0.275275392202	29.8739608474	0.231935419136	-15.7184495905	0.275275392202	0.84255776472	0.488173502976
TCTATCTTCCACGGCT	0.231935419136	0.275275392202	29.8739608474	0.231935419136	-15.7184495905	0.275275392202	0.84255776472	0.488173502976
TCTATCTTCCAGATAT	-0.0710257293973	0.409687797238	51.2737999464	-0.0710257293973	-14.1886349728	0.409687797238	-0.173365498988	0.878322939896
TCTATCTTCCCAACTA	-0.910528822936	0.175825839734	14.2665593993	-0.910528822936	-12.4166259181	0.175825839734	-5.17858367299	0.0353247809553
TCTATCTTCCCATTTA	0.0291600160087	0.177834151539	14.56154465	0.0291600160087	-14.4293201095	0.177834151539	0.163973093786	0.884825110715
TCTATCTTCCCCCCCC	-0.459458614506	0.0409272864531	1.04585679807	-0.459458614506	-12.2721725022	0.0409272864531	-11.2262173803	0.00784153889912
TCTATCTTCCGAGATA	0.373082799677	0.559898160913	71.1718959507	0.373082799677	-15.6041874304	0.559898160913	0.666340462822	0.573769296079
TCTATCTTCCGATAAA	0.571940608985	0.227542956601	21.1316706892	0.571940608985	-14.9046057874	0.227542956601	2.51355004579	0.128475087394
TCTATCTTCCGATAGC	0.15739384648	0.335693408369	39.1794046661	0.15739384648	-13.5199727372	0.335693408369	0.468861891703	0.685308557537
TCTATCTTCCTAATTA	-0.749215471125	0.389884127492	48.6189326897	-0.749215471125	-14.6343545723	0.389884127492	-1.92163624599	0.19459824361
TCTATCTTCCTACTTA	0.812852269341	0.618901898469	76.8302493966	0.812852269341	-15.5729744273	0.618901898469	1.31337821285	0.319498847466
TCTATCTTCCTATCTA	0.160462074177	0.371326947317	45.3204612497	0.160462074177	-14.897020758	0.371326947317	0.43213150927	0.707774847402
TCTATCTTCCTATTCA	0.462023907518	0.533874424069	67.8734245106	0.462023907518	-14.64948856	0.533874424069	0.865416822173	0.47803400961
TCTATCTTCCTATTTA	-0.0228028992821	0.125087703988	8.25958702065	-0.0228028992821	-5.67181742091	0.125087703988	-0.182295290065	0.872155506906
TCTATCTTCCTATTTC	0.200817020117	0.902487381027	92.0085813891	0.200817020117	-14.4066076323	0.902487381027	0.222515044907	0.844570286182
TCTATCTTCCTATTTG	-0.399475548262	1.38682705854	98.2032716546	-0.399475548262	-14.7619245342	1.38682705854	-0.28805001013	0.800415828967
TCTATCTTCGAGATAC	-0.728772429984	1.21802603782	97.0769643336	-0.728772429984	-13.2854125649	1.21802603782	-0.598322537744	0.610359227471
TCTATCTTCGAGATAT	-0.181250053861	0.150219398661	11.0753553231	-0.181250053861	-5.31219158991	0.150219398661	-1.20656889508	0.350951290119
TCTATCTTCGAGATCT	-0.888691323038	0.278755261687	30.383480826	-0.888691323038	-14.7779071872	0.278755261687	-3.18807012883	0.0859006738431
TCTATCTTCGAGATGT	0.421793676086	1.22089042147	97.1574148565	0.421793676086	-15.1653461114	1.22089042147	0.345480371267	0.762687097868
TCTATCTTCGAGGTAT	-1.05110388552	2.25261281434	99.6245642263	-1.05110388552	-13.4356118565	2.25261281434	-0.466615424912	0.686667993432
TCTATCTTCGAGTTAT	0.421793676086	1.22089042147	97.1574148565	0.421793676086	-15.1653461114	1.22089042147	0.345480371267	0.762687097868
TCTATCTTCGATATAT	-0.93053874077	0.394240966125	49.0748189863	-0.93053874077	-14.6571796743	0.394240966125	-2.36032990158	0.142189070808
TCTATCTTCGATTATA	-0.20630250422	0.381261550484	46.6613032985	-0.20630250422	-13.1471496473	0.381261550484	-0.541104929039	0.642645775758
TCTATCTTCGCGATAT	-0.247821843292	0.102705668679	6.06060606061	-0.247821843292	-14.4235079826	0.102705668679	-2.4129324747	0.137260835978
TCTATCTTCGGATAAA	-0.00554344900138	0.545051784307	69.1069991955	-0.00554344900138	-14.14873967	0.545051784307	-0.0101704996864	0.99280855667
TCTATCTTCGGCGCTC	0.516304096045	0.932760697954	92.8935371413	0.516304096045	-15.4882463861	0.932760697954	0.553522567125	0.635523762523
TCTATCTTCGGGATAT	-0.117235967311	0.613284224475	76.3475462591	-0.117235967311	-14.3379864843	0.613284224475	-0.191160904899	0.866047032306
TCTATCTTCGTGATAT	-0.333830464912	0.642726141323	78.8951461518	-0.333830464912	-14.2903742439	0.642726141323	-0.51939767725	0.655246487437
TCTATCTTCTAAGAAT	-2.2006312714	0.258251860324	26.2268704747	-2.2006312714	-13.5500039736	0.258251860324	-8.52126009333	0.0134937329355
TCTATCTTCTAGATAT	0.181012479024	0.369855297399	45.0254759989	0.181012479024	-14.9123750774	0.369855297399	0.489414320403	0.672961726176
TCTATCTTCTCCTCGC	-0.904802426113	0.415092661109	52.1587556986	-0.904802426113	-7.30882430721	0.415092661109	-2.17976011355	0.161094085536
TCTATCTTCTGATAAA	-0.125307889933	0.561922557195	71.6814159292	-0.125307889933	-14.5204165663	0.561922557195	-0.22299850456	0.844240767519
TCTATCTTCTGATTTA	0.373082799677	0.559898160913	71.1718959507	0.373082799677	-15.6041874304	0.559898160913	0.666340462822	0.573769296079
TCTATCTTGCAAGAAT	-0.95974389361	0.453044442962	57.4953070528	-0.95974389361	-13.6149299986	0.453044442962	-2.11843210643	0.168298771306
TCTATCTTGCAGATAA	-0.506466929437	0.196144372339	16.7605256101	-0.506466929437	-14.6477364706	0.196144372339	-2.58211297829	0.122932254734
TCTATCTTGCCAACTA	-0.649844695659	0.521605660858	66.7203003486	-0.649844695659	-13.0121133641	0.521605660858	-1.24585437702	0.33896958477
TCTATCTTGCGATAGC	0.507827900217	0.650973790195	79.5119334942	0.507827900217	-14.425508446	0.650973790195	0.780104987123	0.516994224857
TCTATCTTGTAAGAAA	-0.179805059274	1.16652948759	96.674711719	-0.179805059274	-14.4437962568	1.16652948759	-0.154136745952	0.891650507303
TCTATCTTGTAAGAAC	-0.776755542349	0.360866873254	43.4164655404	-0.776755542349	-13.5234043383	0.360866873254	-2.15247117405	0.164246855943
TCTATCTTGTAAGAAT	-1.05798643375	0.131674134173	8.84955752212	-1.05798643375	-4.99501498531	0.131674134173	-8.0348843028	0.0151387728464
TCTATCTTGTAAGACT	-0.334722417172	1.0278025424	94.9048002145	-0.334722417172	-14.3789116373	1.0278025424	-0.325668018286	0.775591255068
TCTATCTTGTAAGCAT	-0.792079199481	0.471526897937	59.6674711719	-0.792079199481	-14.4456252769	0.471526897937	-1.67981763701	0.235005852446
TCTATCTTGTAAGGAT	0.190836829523	0.830742803288	89.6218825422	0.190836829523	-13.9291650619	0.830742803288	0.229718306036	0.839666081708
TCTATCTTGTACCGGC	-1.75601417203	0.751519733781	86.3502279431	-1.75601417203	-5.7635400386	0.751519733781	-2.33661751395	0.144491011596
TCTATCTTGTAGGAAT	-1.50707294525	0.548881907489	69.3751676053	-1.50707294525	-14.238359989	0.548881907489	-2.74571437807	0.110993103812
TCTATCTTGTATGAAT	-1.19417486267	0.523647321233	66.9348350764	-1.19417486267	-13.8864948366	0.523647321233	-2.2804945509	0.150148539281
TCTATCTTGTCAGAAT	-0.28613496791	1.08425882564	95.6020380799	-0.28613496791	-14.7031399715	1.08425882564	-0.263899136576	0.816561590746
TCTATCTTGTGAGAAT	-0.645678342853	0.802797994036	88.8710109949	-0.645678342853	-13.8254618327	0.802797994036	-0.804284947957	0.50564004469
TCTATCTTGTGATTAT	-0.0364762864107	0.389663437125	48.5116653258	-0.0364762864107	-15.1772198596	0.389663437125	-0.0936097229955	0.933952461961
TCTATCTTTAAACAAC	-0.601237539045	0.303858999985	34.9423437919	-0.601237539045	-7.6972324409	0.303858999985	-1.97867280243	0.186436889954
TCTATCTTTAAGGATA	0.0226370476436	0.669407370018	80.6114239743	0.0226370476436	-14.1571155267	0.669407370018	0.0338165497685	0.976094921583
TCTATCTTTAATTATA	0.160462074177	0.371326947317	45.3204612497	0.160462074177	-14.897020758	0.371326947317	0.43213150927	0.707774847402
TCTATCTTTACAACTA	-1.11847251048	0.291100369103	32.582461786	-1.11847251048	-14.613777764	0.291100369103	-3.84222292101	0.0615505794879
TCTATCTTTACACTTA	-0.262209342352	0.424086740974	53.3655135425	-0.262209342352	-14.3866502572	0.424086740974	-0.618291771515	0.599413199828
TCTATCTTTACAGATA	0.303858706138	0.201244534549	17.5918476803	0.303858706138	-13.4696448232	0.201244534549	1.50989793	0.270145532624
TCTATCTTTACCGATA	-0.22994859447	0.295663173926	33.4406006972	-0.22994859447	-13.7007302495	0.295663173926	-0.777738368349	0.518118873851
TCTATCTTTACGAATA	-0.566274482256	0.197861120592	16.9750603379	-0.566274482256	-13.4301942774	0.197861120592	-2.86197955699	0.103480619639
TCTATCTTTACGCATA	-1.02692191501	0.21034818527	18.8522392062	-1.02692191501	-13.5477505892	0.21034818527	-4.8820098623	0.039488311446
TCTATCTTTACGGAAA	-0.34095222976	0.763436484582	86.8329310807	-0.34095222976	-14.000662745	0.763436484582	-0.446601959228	0.698863602674
TCTATCTTTACGGACA	-0.604096258316	0.0898087266101	4.61249664789	-0.604096258316	-12.8261617148	0.0898087266101	-6.72647615792	0.0213949164895
TCTATCTTTACGGATA	-0.472873120794	0.0534582329175	1.6894609815	-0.472873120794	-3.90000339661	0.0534582329175	-8.845655664	0.012540369133
TCTATCTTTACGGATC	-0.609045013499	0.482332087746	61.6251005632	-0.609045013499	-12.4793334234	0.482332087746	-1.26270888662	0.333978887493
TCTATCTTTACGGATG	-1.01368030127	0.439614678416	55.2695092518	-1.01368030127	-13.1225778561	0.439614678416	-2.30583816018	0.14755656499
TCTATCTTTACGGATT	-0.739864685297	0.446615605401	56.7444355055	-0.739864685297	-13.3216889891	0.446615605401	-1.6566028512	0.239444656172
TCTATCTTTACGGCTA	0.272601255262	0.39292625466	48.8871010995	0.272601255262	-14.1081410236	0.39292625466	0.693772055262	0.55957146982
TCTATCTTTACGGGTA	-0.808964201034	0.293448156647	33.0919817645	-0.808964201034	-13.1330562639	0.293448156647	-2.75675339139	0.110247268631
TCTATCTTTACGGTTA	-0.25546339764	0.291429736355	32.636095468	-0.25546339764	-13.4916254948	0.291429736355	-0.876586585964	0.47315837193
TCTATCTTTACGTATA	-0.488566406807	0.33901506378	40.3861625101	-0.488566406807	-13.2940036449	0.33901506378	-1.44113480197	0.28625808761
TCTATCTTTACTGATA	-1.02767024033	0.607411261924	75.7307589166	-1.02767024033	-13.680101087	0.607411261924	-1.69188539092	0.23274063657
TCTATCTTTAGATAAA	-0.476995031335	0.183567167455	15.2319656744	-0.476995031335	-14.3336110578	0.183567167455	-2.59847682975	0.121658983586
TCTATCTTTATACCTA	-0.929847560887	0.827617390385	89.5414320193	-0.929847560887	-14.52509061	0.827617390385	-1.12352346832	0.377957771393
TCTATCTTTATACTCA	-0.126956241647	1.07423135987	95.4411370341	-0.126956241647	-13.7813243448	1.07423135987	-0.118183332185	0.916722050483
TCTATCTTTATACTTA	-0.402453199042	0.197674303144	16.9482434969	-0.402453199042	-5.67316678574	0.197674303144	-2.03594090198	0.178699158739
TCTATCTTTATACTTC	0.897074903323	0.350723633784	42.4242424242	0.897074903323	-15.1308888448	0.350723633784	2.55778287207	0.124860161917
TCTATCTTTATGCTTA	-0.210166978218	0.086358431572	4.42477876106	-0.210166978218	-15.3832290908	0.086358431572	-2.43365904629	0.135384079429
TCTATCTTTATGGATA	-0.374768130017	0.19526792067	16.5459908823	-0.374768130017	-13.133822254	0.19526792067	-1.91925088735	0.194949911381
TCTATCTTTATTCTTA	-1.10167669603	0.956590362311	93.215339233	-1.10167669603	-14.3042529201	0.956590362311	-1.15167028588	0.368541879947
TCTATCTTTCATTATA	0.0572749357662	0.466359576756	59.2115848753	0.0572749357662	-13.4492091128	0.466359576756	0.122812822167	0.913483838455
TCTATCTTTCCAACTA	-0.791122336944	0.0903611257733	4.7197640118	-0.791122336944	-12.8721218578	0.0903611257733	-8.75511820126	0.0127960894993
TCTATCTTTCCGGATA	-0.221887394385	0.558091918939	70.6087422902	-0.221887394385	-13.3785330326	0.558091918939	-0.397582166763	0.729358760652
TCTATCTTTCTACTTA	-0.718014823462	0.552520878421	69.7774202199	-0.718014823462	-14.6194140881	0.552520878421	-1.29952523335	0.323381024046
TCTATCTTTCTATTTA	0.231935424889	0.275275390577	28.9621882542	0.231935424889	-15.2076239716	0.275275390577	0.842557790592	0.488173491377
TCTATCTTTGAATATA	0.604437849409	0.33883249248	40.3325288281	0.604437849409	-14.6393611675	0.33883249248	1.7838839628	0.216375949538
TCTATCTTTGACTATA	0.195138251799	0.410700361095	51.3810673103	0.195138251799	-13.786707234	0.410700361095	0.475135330486	0.681522478535
TCTATCTTTGAGATAT	-0.0712212546448	0.241648184275	24.0815231966	-0.0712212546448	-14.2883666156	0.241648184275	-0.294731180615	0.79597717662
TCTATCTTTGATCATA	-0.573964190071	0.206019387208	18.2354518638	-0.573964190071	-13.7545250109	0.206019387208	-2.78597173717	0.108307024072
TCTATCTTTGATTAAA	-0.73221067169	0.407261958164	50.9519978547	-0.73221067169	-13.8984765573	0.407261958164	-1.79788624253	0.214019175639
TCTATCTTTGATTACA	0.47622191091	0.379174863665	46.5272190936	0.47622191091	-14.0274854207	0.379174863665	1.25594272338	0.335971742837
TCTATCTTTGATTATA	0.104713120642	0.0737769101378	3.11075355323	0.104713120642	-4.7753863881	0.0737769101378	1.41932103752	0.291619802373
TCTATCTTTGATTATC	-0.102460606507	0.450597508072	57.3880396889	-0.102460606507	-13.3245491963	0.450597508072	-0.227388311456	0.841251134143
TCTATCTTTGATTATG	0.55574166535	0.289831316861	32.2338428533	0.55574166535	-14.1990374046	0.289831316861	1.91746589488	0.195213625027
TCTATCTTTGATTATT	0.106084779265	0.522993294987	66.8543845535	0.106084779265	-14.0974959982	0.522993294987	0.202841566578	0.858022325292
TCTATCTTTGATTCTA	0.209657999931	0.481146183526	61.1960311075	0.209657999931	-14.4693459151	0.481146183526	0.435746987319	0.705541098893
TCTATCTTTGATTGTA	0.677071047038	0.546543416847	69.1874497184	0.677071047038	-14.5677142744	0.546543416847	1.23882389974	0.341077650867
TCTATCTTTGATTTTA	-1.08925534538	0.430159944335	54.1700187718	-1.08925534538	-13.8693697188	0.430159944335	-2.53221007609	0.126932478987
TCTATCTTTGCGGATA	-0.420698772846	0.367538102255	44.5427728614	-0.420698772846	-12.9429393575	0.367538102255	-1.14463988976	0.370868068694
TCTATCTTTGCTTATA	0.272124310722	0.491429432109	63.0463931349	0.272124310722	-14.2307467008	0.491429432109	0.553740360146	0.635399413733
TCTATCTTTGGCGCTC	-0.307713568774	0.431151906644	54.3041029767	-0.307713568774	-6.86519652204	0.431151906644	-0.713701050678	0.549459273085
TCTATCTTTGGTTATA	-0.277489526702	0.584505263226	73.5854116385	-0.277489526702	-14.394127795	0.584505263226	-0.474742562916	0.681759073013
TCTATCTTTGTTTATA	-0.803758750672	0.677974424473	81.5231965674	-0.803758750672	-14.0935606226	0.677974424473	-1.18552960356	0.357573853927
TCTATCTTTTATACTT	0.508899534331	0.555110462245	70.3405738804	0.508899534331	-15.4176297256	0.555110462245	0.916753635434	0.4560486702
TCTATCTTTTATTATA	0.0955855793301	0.164853454429	12.8720836685	0.0955855793301	-14.6210465562	0.164853454429	0.579821512755	0.62065010625
TCTATCTTTTCGGATA	-1.36009733383	0.183196377876	15.1515151515	-1.36009733383	-13.0416940303	0.183196377876	-7.42425887234	0.0176631120947
TCTATCTTTTGCGCTC	0.231935419136	0.275275392202	29.8739608474	0.231935419136	-15.7184495905	0.275275392202	0.84255776472	0.488173502976
TCTATGTTACCAACTA	-0.326749199379	0.171054936951	13.488871011	-0.326749199379	-12.675661138	0.171054936951	-1.91020034384	0.196291970134
TCTATGTTACGATAGC	-0.197355325671	0.340662820144	40.5202467149	-0.197355325671	-13.5545784258	0.340662820144	-0.579327458123	0.620926878002
TCTATGTTCAGATAAA	-0.648672242532	0.0991433054633	5.57790292304	-0.648672242532	-13.8352064279	0.0991433054633	-6.54277401284	0.0225722504586
TCTATGTTCCACGGCA	-0.118798341702	0.382194148327	46.9562885492	-0.118798341702	-15.0395552503	0.382194148327	-0.310832445296	0.785332245549
TCTATGTTCCTATTTA	-0.397027381622	0.292787219417	33.0383480826	-0.397027381622	-14.1123997156	0.292787219417	-1.35602702335	0.307898045133
TCTATGTTCGAGATAT	-0.470543099699	0.0984643067459	5.47063555913	-0.470543099699	-13.9341175708	0.0984643067459	-4.77881899797	0.0411072339544
TCTATGTTGTAAGAAT	-1.35196333481	0.356893572166	43.0142129257	-1.35196333481	-13.6117106972	0.356893572166	-3.78814145237	0.0631563854281
TCTATGTTTACGGATA	-0.384331431922	0.462594705738	58.5679806919	-0.384331431922	-12.7571506824	0.462594705738	-0.830816754178	0.49346623193
TCTATGTTTATACTTA	0.228725667231	0.538591458072	68.570662376	0.228725667231	-14.2401504085	0.538591458072	0.424673774162	0.712397569158
TCTATGTTTGATTATA	0.222699642922	0.447954691154	56.9589702333	0.222699642922	-13.6952686196	0.447954691154	0.497147696676	0.668358526163
TCTATTTTACCAACTA	-1.33689906209	0.701185120076	83.5076427997	-1.33689906209	-8.36595517402	0.701185120076	-1.90662782739	0.196825120567
TCTATTTTCCTATTTA	0.56324128994	0.682969268819	82.032716546	0.56324128994	-15.3233634356	0.682969268819	0.82469492502	0.496248835706
TCTATTTTTACGGATA	-0.0684409710725	0.429808574428	54.1163850898	-0.0684409710725	-14.7130315654	0.429808574428	-0.159235936983	0.888110226856
TCTATTTTTGATTATA	0.231935430642	0.275275388953	28.6672030035	0.231935430642	-14.87115174	0.275275388953	0.842557816464	0.488173479778
TCTCAGATACCAACTA	0.186309992455	0.971747960739	93.6980423706	0.186309992455	-15.1811356669	0.971747960739	0.191726661627	0.865657731877
TCTCTTTGCAGATAAA	0.755244290181	0.233710233496	22.418879056	0.755244290181	-15.8280952561	0.233710233496	3.23154137875	0.0838857903038
TCTCTTTGGTAAGAAT	0.231935424889	0.275275390577	28.9621882542	0.231935424889	-15.2076239716	0.275275390577	0.842557790592	0.488173491377
TCTCTTTGTACGGATA	-0.866020319282	0.545550864086	69.1606328774	-0.866020319282	-14.4063460199	0.545550864086	-1.58742360483	0.25333161601
TCTCTTTGTGATTATA	-0.0404709635536	0.778932924726	87.7178868329	-0.0404709635536	-15.3837788856	0.778932924726	-0.0519569301398	0.963285671803
TCTGTCTTACCAACTA	-0.810183003749	0.0450465934597	1.26039152588	-0.810183003749	-12.6964058631	0.0450465934597	-17.9854444371	0.00307715560456
TCTGTCTTACGATAGC	-0.624605733177	0.402099432359	50.2547599893	-0.624605733177	-13.3306903351	0.402099432359	-1.55336139002	0.260549838977
TCTGTCTTCAGATAAA	-0.159924452158	0.859885501194	90.6409224993	-0.159924452158	-14.0958891195	0.859885501194	-0.185983426789	0.869612544489
TCTGTCTTCCACGGCA	0.105233138229	0.403487596085	50.4424778761	0.105233138229	-14.9477412027	0.403487596085	0.260808855713	0.818638610616
TCTGTCTTCCTATTTA	0.652437189047	0.354811905391	42.8533118799	0.652437189047	-14.576000637	0.354811905391	1.83882552737	0.207320262942
TCTGTCTTCGAGATAT	0.0807365587241	1.0861535267	95.6288549209	0.0807365587241	-14.0495305324	1.0861535267	0.0743325476001	0.947511405692
TCTGTCTTGTAAGAAT	-1.12295572792	0.748589221546	86.1088763744	-1.12295572792	-13.7171578488	0.748589221546	-1.50009604146	0.272371202734
TCTGTCTTTACGGATA	-0.755931440193	0.205666923012	18.1550013408	-0.755931440193	-12.59558086	0.205666923012	-3.67551295621	0.0667015971079
TCTGTCTTTATACTTA	-0.329406058004	0.687903744401	82.5690533655	-0.329406058004	-14.438761837	0.687903744401	-0.478854869864	0.679284863825
TCTGTCTTTGATTATA	-0.252546187288	0.304915643199	35.0764279968	-0.252546187288	-13.54026527	0.304915643199	-0.828249363131	0.494631290725
TCTGTCTTTGGCGCTC	-0.368319116242	0.394372220024	49.1284526683	-0.368319116242	-14.8438158963	0.394372220024	-0.93393778147	0.448928947546
TCTTCCCGCAGATAAA	0.397706419892	0.906289497139	92.142665594	0.397706419892	-14.6023000362	0.906289497139	0.438829337809	0.703640534319
TCTTCCCGCGAGATAT	-1.01129518798	1.25292717109	97.5328506302	-1.01129518798	-14.0995766325	1.25292717109	-0.807146026772	0.504312976371
TCTTCCCGTACGGATA	0.266693122323	0.983606538525	93.9930276213	0.266693122323	-15.2386353949	0.983606538525	0.271138012891	0.811705891323
TCTTTCTTACCAACTA	-0.269225888552	0.449810761673	57.1466881201	-0.269225888552	-13.9070350798	0.449810761673	-0.598531452538	0.610243841833
TCTTTCTTCCTATTTA	-0.210166978218	0.086358431572	4.42477876106	-0.210166978218	-15.3832290908	0.086358431572	-2.43365904629	0.135384079429
TCTTTCTTCGAGATAT	-0.256118290658	0.503957054387	64.6285867525	-0.256118290658	-14.8854528554	0.503957054387	-0.508214516354	0.661812166239
TCTTTCTTTACGGATA	-0.128618353398	0.324022035767	37.6240278895	-0.128618353398	-13.5425830983	0.324022035767	-0.396943229781	0.729761909946
TCTTTCTTTGATTATA	0.703226006799	0.0755479441495	3.13757039421	0.703226006799	-14.7578813975	0.0755479441495	9.30834074594	0.0113452834415
TGACTTTGACCAACTA	-0.787241607309	0.501718009653	64.2263341378	-0.787241607309	-13.6782856186	0.501718009653	-1.56909178495	0.257184119915
TGACTTTGACGATAGC	-0.014185683749	0.448095659922	56.9857870743	-0.014185683749	-14.1290792758	0.448095659922	-0.0316577128899	0.97762022315
TGACTTTGCAGATAAA	-0.193351118724	0.502786172328	64.3604183427	-0.193351118724	-14.5148689251	0.502786172328	-0.384559340264	0.737603666715
TGACTTTGCGAGATAT	-0.531165093147	0.560457366986	71.3327969965	-0.531165093147	-14.7787775568	0.560457366986	-0.947735054325	0.44329818342
TGACTTTGGTAAGAAT	0.119939452227	0.208343844239	18.6108876374	0.119939452227	-14.1301151478	0.208343844239	0.575680326267	0.622973165565
TGACTTTGGTACCGGC	-0.739175031959	0.577098499089	73.07589166	-0.739175031959	-14.1595706773	0.577098499089	-1.28084726113	0.328706149963
TGACTTTGTACGGATA	0.0852907542018	0.272397946835	27.9967819791	0.0852907542018	-13.7808604749	0.272397946835	0.313110855617	0.783831998351
TGACTTTGTATACTTA	-0.108950463144	1.15549566288	96.5674443551	-0.108950463144	-14.6795735395	1.15549566288	-0.0942889416581	0.933475343788
TGACTTTGTGATTATA	0.764599325146	0.48084021988	61.1155805846	0.764599325146	-14.2626438921	0.48084021988	1.59013180165	0.252768762233
TGCCTTTGACCAACTA	-1.68769316592	0.350643754389	42.3974255833	-1.68769316592	-13.1037402424	0.350643754389	-4.81312769668	0.0405583279475
TGCCTTTGACGATAGC	0.356880026323	0.161616479894	12.2284794851	0.356880026323	-14.866836301	0.161616479894	2.20819081418	0.157896841639
TGCCTTTGCAGATAAA	0.0395760744217	0.338409270951	40.1984446232	0.0395760744217	-14.1186922363	0.338409270951	0.116947370592	0.917587025243
TGCCTTTGGTAAGAAT	0.52059266927	0.290735461085	32.4215607401	0.52059266927	-14.0929580844	0.290735461085	1.79060602833	0.215240284873
TGCCTTTGGTACCGGC	-0.752803265495	0.518921302104	66.291230893	-0.752803265495	-14.3768524906	0.518921302104	-1.4507079637	0.283943931539
TGCCTTTGTACGGATA	0.618221280223	0.208610497826	18.6913381604	0.618221280223	-14.0140157286	0.208610497826	2.96351950965	0.0974960594609
TGCCTTTGTGATTATA	-0.401625651054	0.426917358995	53.6873156342	-0.401625651054	-13.569169392	0.426917358995	-0.940757368121	0.446136327226
TGCTCAGAACCAACTA	0.321681570451	0.162704621108	12.389380531	0.321681570451	-12.4047360486	0.162704621108	1.97708933072	0.186657201486
TGCTCAGAACGATAGC	-0.0666318346657	1.09435165838	95.7093054438	-0.0666318346657	-13.8565477952	1.09435165838	-0.0608870413415	0.956986207249
TGCTCAGAAGCAATAA	0.171016951226	1.16345314786	96.647894878	0.171016951226	-14.5373776361	1.16345314786	0.146990836322	0.896618704751
TGCTCAGACAGATAAA	0.691252454433	0.133930135182	9.11772593189	0.691252454433	-14.2490228434	0.133930135182	5.1612913964	0.0355493864529
TGCTCAGACCACGGCA	0.0467705232947	0.440257394413	55.3499597747	0.0467705232947	-13.0681709636	0.440257394413	0.106234498019	0.925091917559
TGCTCAGACTCCTCGC	0.323180340161	0.483529281478	61.786001609	0.323180340161	-14.4361170947	0.483529281478	0.668378012544	0.572703628455
TGCTCAGAGTAAGAAT	-0.0521386529655	0.528235167458	67.390721373	-0.0521386529655	-14.3180574958	0.528235167458	-0.0987034869648	0.930375466169
TGCTCAGATAAACAAC	0.36245651707	0.205864296181	18.1818181818	0.36245651707	-13.2575509294	0.205864296181	1.76065750008	0.220361244983
TGCTCAGATACGGATA	0.33717499435	0.268704832296	27.3263609547	0.33717499435	-11.9325452745	0.268704832296	1.25481552181	0.336305122864
TGCTCAGATATACTTA	0.503642373666	0.206596281288	18.3963529096	0.503642373666	-13.7939987916	0.206596281288	2.43780948295	0.135012557685
TGCTCAGATGATTATA	0.65277235062	0.534381298616	68.0343255564	0.65277235062	-14.1100090633	0.534381298616	1.22154789531	0.346324458442
TGGCTTTGACCAACTA	-0.588297339245	0.205402349002	18.1013676589	-0.588297339245	-12.752560505	0.205402349002	-2.86412176931	0.103349042579
TGGCTTTGACGATAGC	0.152935865325	0.245352496637	24.8323947439	0.152935865325	-13.6474282476	0.245352496637	0.623331196633	0.596677507991
TGGCTTTGCAGATAAA	0.00970578718947	0.34006497337	40.412979351	0.00970578718947	-13.741420269	0.34006497337	0.028540978782	0.97982258901
TGGCTTTGCGAGATAT	0.237172940424	0.25203096561	25.3687315634	0.237172940424	-14.2172960246	0.25203096561	0.941046826725	0.446018205243
TGGCTTTGCTCCTCGC	-0.242913911104	0.876881127495	91.0699919549	-0.242913911104	-14.46621053	0.876881127495	-0.27702034345	0.807770263286
TGGCTTTGGTAAGAAT	0.157275937349	0.248732287339	24.9932957898	0.157275937349	-13.1989273483	0.248732287339	0.632310099473	0.591829944295
TGGCTTTGGTACCGGC	-0.40605534025	0.691619255384	82.7567712523	-0.40605534025	-14.0948484331	0.691619255384	-0.587108205981	0.616579900951
TGGCTTTGTAAACAAC	0.169722961852	0.383965317775	47.2512737999	0.169722961852	-14.6403594739	0.383965317775	0.442026802931	0.701672704221
TGGCTTTGTACGGATA	0.549625764968	0.164724854084	12.7916331456	0.549625764968	-13.0262676452	0.164724854084	3.33662924167	0.0792867064413
TGGCTTTGTATACTTA	0.547556233273	0.8394513021	89.863234111	0.547556233273	-14.802207833	0.8394513021	0.652278734815	0.581172214031
TGGCTTTGTCGAGATT	-0.0427037456282	0.107542538891	6.65057656208	-0.0427037456282	-14.9993810835	0.107542538891	-0.397087013832	0.729671174293
TGGCTTTGTGATTATA	0.498026142141	0.234454670493	22.5797801019	0.498026142141	-13.2824971597	0.234454670493	2.12418946952	0.167603925685
TGGTAACTACCAACTA	-0.338645709349	0.147429131843	10.7803700724	-0.338645709349	-12.5860435027	0.147429131843	-2.29700673886	0.148452726325
TGGTAACTACGATAGC	1.65371798131	0.100656031141	5.89970501475	1.65371798131	-15.9270366162	0.100656031141	16.4293978469	0.00368426998672
TGGTAACTCGAGATAT	-0.145784747814	0.505409745588	64.8699383213	-0.145784747814	-13.3940900116	0.505409745588	-0.288448628241	0.800150658168
TGTAACTTACCAACTA	-0.0336706921284	0.279911983202	30.8393671226	-0.0336706921284	-13.9264843357	0.279911983202	-0.120290284622	0.915247956777
TGTACCACCAGATAAA	0.526244167266	0.431822526176	54.3577366586	0.526244167266	-13.8178380612	0.431822526176	1.21865844268	0.347211327076
TGTACCGAACCAACTA	-0.0240913359455	0.47963407786	61.0351300617	-0.0240913359455	-12.6879343456	0.47963407786	-0.0502285743602	0.964505414813
TGTACCGAACGATAGC	0.335550531459	0.429999873985	54.1432019308	0.335550531459	-13.3112084651	0.429999873985	0.780350301847	0.516877784474
TGTACCGACAGATAAA	0.215921987569	0.2573628092	26.0927862698	0.215921987569	-12.4932002879	0.2573628092	0.838978981621	0.489780663253
TGTACCGACGAGATAT	0.584899455504	0.401525908691	50.2011263073	0.584899455504	-14.524975061	0.401525908691	1.45669169248	0.282509347297
TGTACCGACTCCTCGC	0.233436369698	0.239416072642	23.5183695361	0.233436369698	-13.4355376927	0.239416072642	0.975023803214	0.432383784983
TGTACCGAGTAAGAAT	0.263600426056	1.23771737367	97.2914990614	0.263600426056	-14.1249285962	1.23771737367	0.212973035415	0.85108446521
TGTACCGATACGGATA	0.672983396443	0.13677435737	9.41271118262	0.672983396443	-12.6543776733	0.13677435737	4.92039158058	0.0389100019712
TGTACCGATGATTATA	0.357477267422	0.166030414772	13.0061678734	0.357477267422	-13.2188447793	0.166030414772	2.15308302345	0.164175247006
TGTATCTTACCAACTA	-0.112956218889	0.0613016450561	2.06489675516	-0.112956218889	-12.3651044579	0.0613016450561	-1.84262948875	0.206711999878
TGTATCTTACGATAGC	0.0199077454513	0.413133481259	51.7833199249	0.0199077454513	-13.352248328	0.413133481259	0.0481871994268	0.965946267029
TGTATCTTCAGATAAA	-0.335040736828	0.140511338085	9.86859747922	-0.335040736828	-13.6681196507	0.140511338085	-2.3844391591	0.139900358872
TGTATCTTCCTATTTA	0.131335862924	0.90418266997	92.0622150711	0.131335862924	-14.0723462368	0.90418266997	0.145253683007	0.897827646116
TGTATCTTCGAGATAT	-0.055018706455	0.0494905019143	1.50174309466	-0.055018706455	-13.3158101032	0.0494905019143	-1.11170233331	0.381994736637
TGTATCTTGTAAGAAT	-1.10890856469	0.163834783534	12.5770984178	-1.10890856469	-13.6900007189	0.163834783534	-6.76845625069	0.0211386731448
TGTATCTTTACGGATA	-0.634783917967	0.218979448944	19.7103781175	-0.634783917967	-12.4142196544	0.218979448944	-2.89882873041	0.101249974087
TGTATCTTTATACTTA	-0.975517907708	0.688339935926	82.5958702065	-0.975517907708	-13.690692242	0.688339935926	-1.41720370531	0.292146867241
TGTATCTTTGATTATA	0.196960334257	0.290035798331	32.3679270582	0.196960334257	-13.2556537066	0.290035798331	0.679089737856	0.567130496327
TGTATTTGACCAACTA	0.231935419136	0.275275392202	29.8739608474	0.231935419136	-15.7184495905	0.275275392202	0.84255776472	0.488173502976
TGTATTTGTACGGATA	-0.335720322964	0.49270016377	63.6363636364	-0.335720322964	-15.1728864815	0.49270016377	-0.681388697733	0.565940796502
TGTATTTGTGATTATA	0.237382859579	0.862187021431	90.8018235452	0.237382859579	-15.1300627946	0.862187021431	0.275326412575	0.808902661904
TGTCATTGACCAACTA	-1.07765937796	0.383622118278	47.197640118	-1.07765937796	-14.1291129136	0.383622118278	-2.80916904061	0.106800816933
TGTCATTGCAGATAAA	-0.165412751994	0.846324217842	90.1045856798	-0.165412751994	-14.5003269698	0.846324217842	-0.195448444587	0.863098309834
TGTCATTGGTAAGAAT	1.06186839311	0.970632178049	93.4835076428	1.06186839311	-15.3765906827	0.970632178049	1.09399669322	0.388133998579
TGTCATTGTACGGATA	0.369230389002	0.309787688491	35.8809332261	0.369230389002	-14.4800069041	0.309787688491	1.1918820622	0.355558905285
TGTCATTGTGATTATA	0.445575557387	0.413436090077	51.9442209708	0.445575557387	-14.8823094797	0.413436090077	1.07773744983	0.393870887039
TGTCCTTGACCAACTA	0.0264092286094	0.397434295267	49.7452400107	0.0264092286094	-13.5375601194	0.397434295267	0.0664492946984	0.953065034986
TGTCCTTGACGATAGC	0.0149371570337	0.778976843901	87.7715205149	0.0149371570337	-14.1758214438	0.778976843901	0.0191753543775	0.98644222311
TGTCCTTGCAGATAAA	-0.0337036424391	0.54350322325	69.0533655135	-0.0337036424391	-14.12506758	0.54350322325	-0.0620118538352	0.956193091953
TGTCCTTGCGAGATAT	-0.778660711064	0.483722973232	61.8664521319	-0.778660711064	-14.5219188567	0.483722973232	-1.609724479	0.248744209457
TGTCCTTGCTACGGAT	-0.385467366555	0.301957220311	34.6741753821	-0.385467366555	-15.0531433823	0.301957220311	-1.27656283946	0.329942525495
TGTCCTTGGTAAGAAT	0.268208438025	0.418591200341	52.6682756771	0.268208438025	-13.9028672552	0.418591200341	0.640740746117	0.587309580154
TGTCCTTGTAAACAAC	-0.0346369704607	0.345623300559	41.3515687852	-0.0346369704607	-15.3080019405	0.345623300559	-0.100215958833	0.929313873081
TGTCCTTGTACGGATA	-0.456135019795	0.410757129802	51.4078841512	-0.456135019795	-13.1397982234	0.410757129802	-1.11047377319	0.382417125389
TGTCCTTGTCGAGATT	0.323182031976	0.99660521143	94.5293644409	0.323182031976	-15.154650931	0.99660521143	0.324282903872	0.776497924553
TGTCCTTGTGATTATA	0.0742057470146	0.622574124264	77.2056851703	0.0742057470146	-13.7862231672	0.622574124264	0.119191826519	0.916016405633
TGTCGTTGACCAACTA	-0.864394768777	0.114719501437	7.34781442746	-0.864394768777	-12.7530006554	0.114719501437	-7.53485464938	0.0171615758935
TGTCGTTGACGATAGC	0.462796705784	0.175057316562	14.2129257174	0.462796705784	-13.73413478	0.175057316562	2.64368673571	0.118235967152
TGTCGTTGCAGATAAA	0.144600610567	0.273329746293	28.2649503888	0.144600610567	-13.8053783105	0.273329746293	0.529033566702	0.649629473264
TGTCGTTGCCACGGCA	0.782497790675	0.278859683504	30.6248323947	0.782497790675	-15.7074012874	0.278859683504	2.80606282286	0.107000779249
TGTCGTTGCGAGATAT	-0.197208676541	0.394217697187	49.0211853044	-0.197208676541	-14.4177658353	0.394217697187	-0.500253230507	0.666516616812
TGTCGTTGCTCCTCGC	0.614167130103	0.264971771747	26.8168409761	0.614167130103	-14.8066960405	0.264971771747	2.31785871398	0.146348747718
TGTCGTTGGTAAGAAT	0.403181422689	0.376780105891	45.8299812282	0.403181422689	-13.1891807192	0.376780105891	1.07007088853	0.396609241566
TGTCGTTGGTACCGGC	-1.76777130042	0.676667631437	81.3086618396	-1.76777130042	-13.7121424425	0.676667631437	-2.61246617733	0.120585092758
TGTCGTTGTAAACAAC	0.565708693694	0.224332683413	20.3271654599	0.565708693694	-15.2775574157	0.224332683413	2.52173996713	0.127794825401
TGTCGTTGTACGGATA	-0.25330769366	0.140989033078	9.92223116117	-0.25330769366	-12.8443396395	0.140989033078	-1.79664820823	0.214226184561
TGTCGTTGTATACTTA	0.743916678797	0.293465645892	33.1724322875	0.743916678797	-15.3659937309	0.293465645892	2.53493616445	0.126709286354
TGTCGTTGTCGAGATT	-0.385467366555	0.301957220311	34.6741753821	-0.385467366555	-15.0531433823	0.301957220311	-1.27656283946	0.329942525495
TGTCGTTGTGATTATA	0.270751464745	0.164984812256	12.8989005095	0.270751464745	-13.4569657449	0.164984812256	1.64106902352	0.242475654371
TGTCGTTGTGGCGCTC	-1.72597613821	0.78511666452	88.0665057656	-1.72597613821	-13.7276455305	0.78511666452	-2.19836900197	0.15899146666
TGTCGTTGTTACGGAT	0.476080944136	0.830467864775	89.5950657013	0.476080944136	-14.6735101544	0.830467864775	0.573268351888	0.624329488041
TGTCTATGCAGATAAA	0.361722422721	0.386552016612	47.7607937785	0.361722422721	-14.517576535	0.386552016612	0.935766487243	0.448178266606
TGTCTATGGTAAGAAT	-0.101230025992	0.109369348918	6.91874497184	-0.101230025992	-14.194591046	0.109369348918	-0.925579488158	0.452377097574
TGTCTATGTACGGATA	-0.126959644778	0.388145877355	48.1094127112	-0.126959644778	-14.2100998156	0.388145877355	-0.32709260148	0.774659357618
TGTCTCTGACCAACTA	-0.117681350481	0.649697984694	79.3778492894	-0.117681350481	-13.7487426041	0.649697984694	-0.181132392671	0.872957847764
TGTCTCTGACGATAGC	1.04730925902	0.588832238927	73.9072137302	1.04730925902	-14.6021166731	0.588832238927	1.77862078497	0.217270660073
TGTCTCTGGTAAGAAT	0.375711283772	0.551798638117	69.616519174	0.375711283772	-13.9951898015	0.551798638117	0.680884760887	0.566201387255
TGTCTCTGTACGGATA	0.666033872937	0.478499153323	60.8205953339	0.666033872937	-14.0166483794	0.478499153323	1.39192278254	0.298532312084
TGTCTCTGTGATTATA	0.475949146377	0.493278075991	63.7436310003	0.475949146377	-14.7155380073	0.493278075991	0.964869856461	0.436410663064
TGTCTGTGACCAACTA	-0.0159125504946	0.17026868745	13.435237329	-0.0159125504946	-13.3120565893	0.17026868745	-0.0934555303908	0.93406078111
TGTCTGTGACGATAGC	0.294073434027	0.325594258559	37.9458299812	0.294073434027	-13.7286833072	0.325594258559	0.903189863754	0.461752700259
TGTCTGTGCAGATAAA	-0.688486680242	0.201254954962	17.6186645213	-0.688486680242	-13.5119885142	0.201254954962	-3.42096759989	0.0758534937992
TGTCTGTGCGAGATAT	-0.468514323612	0.361992066015	43.7382676321	-0.468514323612	-14.4417898267	0.361992066015	-1.29426682957	0.324869594898
TGTCTGTGCTCCTCGC	0.0498639345124	0.624613614279	77.527487262	0.0498639345124	-14.3961494591	0.624613614279	0.0798316485144	0.94364022507
TGTCTGTGGTAAGAAT	0.534352410134	0.360618048354	43.3896486994	0.534352410134	-13.4015375894	0.360618048354	1.48176834902	0.276595280489
TGTCTGTGTAAACAAC	0.0665852532259	0.561671162642	71.6277822473	0.0665852532259	-14.9832341536	0.561671162642	0.118548463326	0.916466553206
TGTCTGTGTACGGATA	0.616425661019	0.321769354255	37.4094931617	0.616425661019	-13.2294088309	0.321769354255	1.91573763277	0.195469412274
TGTCTGTGTATACTTA	-0.262209342352	0.424086740974	53.3655135425	-0.262209342352	-14.3866502572	0.424086740974	-0.618291771515	0.599413199828
TGTCTGTGTGATTATA	-0.0211061578458	0.388234830047	48.1630463931	-0.0211061578458	-13.278667584	0.388234830047	-0.0543644109501	0.961586928239
TGTCTGTGTGGCGCTC	0.560649994427	0.87871014474	91.2577098418	0.560649994427	-15.2683445421	0.87871014474	0.638037466373	0.588755735219
TGTCTGTGTTACGGAT	0.106998493537	0.790972749855	88.5223920622	0.106998493537	-15.3140955054	0.790972749855	0.135274563576	0.904781054707
TGTCTTAGACCAACTA	-0.878157273841	0.683893929596	82.0863502279	-0.878157273841	-14.1520629411	0.683893929596	-1.28405478662	0.327784192068
TGTCTTAGGTAAGAAT	-0.488264324477	0.336625869786	39.8498256905	-0.488264324477	-14.4392280177	0.336625869786	-1.45046583849	0.284002172275
TGTCTTAGTACGGATA	-0.401412632375	0.139661918039	9.76133011531	-0.401412632375	-14.30936764	0.139661918039	-2.8741738479	0.10273479124
TGTCTTAGTGATTATA	1.23464849131	0.929015930162	92.5449182086	1.23464849131	-15.2083517621	0.929015930162	1.32898527487	0.315192714277
TGTCTTAGTTACGGAT	0.316486825615	0.272224315731	27.9699651381	0.316486825615	-15.4673916857	0.272224315731	1.16259572465	0.364960465054
TGTCTTCGACCAACTA	0.330232826922	0.336100870386	39.313488871	0.330232826922	-12.9628918566	0.336100870386	0.982540826338	0.429428658962
TGTCTTCGACGATAGC	0.21016487221	0.760728136125	86.6452131939	0.21016487221	-13.9205772048	0.760728136125	0.276268041406	0.808273085297
TGTCTTCGCAGATAAA	0.11196059505	0.650537548657	79.4582998123	0.11196059505	-13.701834085	0.650537548657	0.172104739044	0.879194847522
TGTCTTCGCTCCTCGC	1.65371798131	0.100656031141	5.89970501475	1.65371798131	-15.9270366162	0.100656031141	16.4293978469	0.00368426998672
TGTCTTCGGTAAGAAT	0.209658514728	0.160666387914	12.0675784393	0.209658514728	-13.3631930381	0.160666387914	1.30493077893	0.321859398524
TGTCTTCGGTACCGGC	-0.586505723348	0.435382967415	54.6795387503	-0.586505723348	-14.6726569794	0.435382967415	-1.34710305006	0.310282276653
TGTCTTCGTAAACAAC	-0.503662249183	0.678048662352	81.5500134084	-0.503662249183	-14.3119501846	0.678048662352	-0.74281136023	0.534994721769
TGTCTTCGTACGGATA	0.279089423245	0.115104283426	7.37463126844	0.279089423245	-13.1706594905	0.115104283426	2.42466583292	0.136193990477
TGTCTTCGTATACTTA	-0.26826553719	0.784519559466	88.0396889246	-0.26826553719	-14.7482821795	0.784519559466	-0.341948819444	0.764978300193
TGTCTTCGTGATTATA	0.632723537887	0.836911331049	89.7291499061	0.632723537887	-14.003737512	0.836911331049	0.756022190659	0.528550254652
TGTCTTCGTGGCGCTC	0.755244290181	0.233710233496	22.418879056	0.755244290181	-15.8280952561	0.233710233496	3.23154137875	0.0838857903038
TGTCTTGAACCAACTA	0.366032917985	0.314460842301	36.3636363636	0.366032917985	-14.7329734202	0.314460842301	1.16400158222	0.364502565965
TGTCTTGACAGATAAA	1.11450727621	0.392363321128	48.8066505766	1.11450727621	-15.4808679899	0.392363321128	2.84049812048	0.104813265354
TGTCTTGACTCCTCGC	-6.27675453591	1.76536535961	99.3027621346	-6.27675453591	-10.8182432543	1.76536535961	-3.55549886699	0.0708053770254
TGTCTTGAGTAAGAAT	0.169317025873	1.44527991021	98.3909895414	0.169317025873	-14.3033513775	1.44527991021	0.11715171897	0.91744400127
TGTCTTGATACGGATA	-0.920859319156	0.706763347879	83.8294448914	-0.920859319156	-13.733006504	0.706763347879	-1.30292455306	0.322423123507
TGTCTTGGACCAACTA	-0.553811442172	0.172126081729	13.6497720569	-0.553811442172	-12.5245750437	0.172126081729	-3.21747544945	0.0845302598608
TGTCTTGGACGATAGC	-0.144411694609	0.274089245047	28.3722177527	-0.144411694609	-12.8785929599	0.274089245047	-0.526878369796	0.650882543624
TGTCTTGGCAGATAAA	0.518804461828	0.517948131493	66.2107803701	0.518804461828	-13.9348525076	0.517948131493	1.00165331291	0.422013896231
TGTCTTGGCCACGGCA	-0.0346369704607	0.345623300559	41.3515687852	-0.0346369704607	-15.3080019405	0.345623300559	-0.100215958833	0.929313873081
TGTCTTGGCGAGATAT	-5.17044211306	1.30654925858	97.9082864039	-5.17044211306	-10.8119905759	1.30654925858	-3.95732658307	0.0583246323985
TGTCTTGGCTACGGAT	-0.929847560887	0.827617390385	89.5414320193	-0.929847560887	-14.52509061	0.827617390385	-1.12352346832	0.377957771393
TGTCTTGGCTCCTCGC	0.910954902899	0.61101908031	76.1598283722	0.910954902899	-14.8237189737	0.61101908031	1.49087799752	0.274485483189
TGTCTTGGGTAAGAAT	0.219942128648	0.282895218872	31.0807186913	0.219942128648	-13.0486999312	0.282895218872	0.77746852536	0.51824725841
TGTCTTGGGTACCGGC	-1.66979778909	0.5406001324	68.7047465809	-1.66979778909	-13.1472796786	0.5406001324	-3.08878538685	0.0907702641421
TGTCTTGGTAAACAAC	0.622945922829	1.00075350483	94.5829981228	0.622945922829	-14.7777314158	1.00075350483	0.62247688349	0.597140520816
TGTCTTGGTACGGATA	0.0686924107835	0.275778050518	29.9007776884	0.0686924107835	-12.7829640985	0.275778050518	0.249085852389	0.826539688413
TGTCTTGGTCGAGATT	-1.55913743185	0.201605688879	17.7527487262	-1.55913743185	-13.9597495768	0.201605688879	-7.73359839452	0.0163120341846
TGTCTTGGTGATTATA	-0.42751598813	0.27798844977	30.1957629391	-0.42751598813	-12.5463821739	0.27798844977	-1.5378911911	0.263914865271
TGTCTTGGTGGCGCTC	0.913378014959	0.47439961448	60.1501743095	0.913378014959	-14.9498285706	0.47439961448	1.92533464843	0.19405467364
TGTCTTGGTTACGGAT	-0.0684409710725	0.429808574428	54.1163850898	-0.0684409710725	-14.7130315654	0.429808574428	-0.159235936983	0.888110226856
TGTCTTGTTGATTATA	-0.256118290658	0.503957054387	64.6285867525	-0.256118290658	-14.8854528554	0.503957054387	-0.508214516354	0.661812166239
TGTCTTTAACCAACTA	-0.389195110011	0.698605681482	83.105390185	-0.389195110011	-13.9514206623	0.698605681482	-0.557102698027	0.633482165277
TGTCTTTAACGATAGC	-0.0790049934908	0.840556888078	89.9705014749	-0.0790049934908	-14.3033751553	0.840556888078	-0.093991251052	0.933684451405
TGTCTTTACAGATAAA	0.248574096574	0.32356568567	37.5167605256	0.248574096574	-14.5136634616	0.32356568567	0.768233800996	0.522659622053
TGTCTTTACCACGGCA	0.231935419136	0.275275392202	29.8739608474	0.231935419136	-15.7184495905	0.275275392202	0.84255776472	0.488173502976
TGTCTTTACTCCTCGC	0.476803737177	0.471223208712	59.560203808	0.476803737177	-15.0398410972	0.471223208712	1.01184264349	0.418118414608
TGTCTTTAGTAAGAAT	0.39407502879	0.37726560067	45.9640654331	0.39407502879	-13.9328291015	0.37726560067	1.04455595233	0.405878345588
TGTCTTTATACGGATA	0.675004457217	0.498743441544	64.01179941	0.675004457217	-14.2262397107	0.498743441544	1.35341019248	0.308594853158
TGTCTTTATATACTTA	0.650545928086	1.25928853982	97.6937516761	0.650545928086	-15.3795744317	1.25928853982	0.516597989669	0.656885500832
TGTCTTTATGATTATA	-0.460977815988	0.399678645329	49.9865915795	-0.460977815988	-13.7439819685	0.399678645329	-1.15337114298	0.367981653779
TGTCTTTCACCAACTA	-0.140396799448	0.239445998359	23.572003218	-0.140396799448	-14.460682642	0.239445998359	-0.586340136859	0.617007883173
TGTCTTTCACGATAGC	0.56324128994	0.682969268819	82.032716546	0.56324128994	-15.3233634356	0.682969268819	0.82469492502	0.496248835706
TGTCTTTCGTAAGAAT	0.681709552047	0.384982479415	47.4658085278	0.681709552047	-15.0843635943	0.384982479415	1.77075474469	0.218616947538
TGTCTTTCTACGGATA	0.721942379723	0.262118731305	26.5486725664	0.721942379723	-14.8648715303	0.262118731305	2.75425711138	0.110415305542
TGTCTTTCTGATTATA	0.0142994734907	0.292762107844	32.9578975597	0.0142994734907	-14.5179982021	0.292762107844	0.0488433205922	0.965483137119
TGTCTTTGAACAACTA	-0.139185149481	0.384791045617	47.3317243229	-0.139185149481	-14.6330251641	0.384791045617	-0.361716186139	0.752204927821
TGTCTTTGAACCAACT	-0.297074585259	1.17471415233	96.8624296058	-0.297074585259	-15.0685230017	1.17471415233	-0.252890956213	0.823971370006
TGTCTTTGAACGGATA	-2.96438538471	1.13579481327	96.1920085814	-2.96438538471	-11.2142063352	1.13579481327	-2.60996559421	0.120776070667
TGTCTTTGAAGATAAA	0.552511765675	0.4886180968	62.6441405202	0.552511765675	-15.1389230143	0.4886180968	1.13076402469	0.375509323412
TGTCTTTGAAGATAGC	-0.0775491557204	0.985526013405	94.1002949853	-0.0775491557204	-14.7061759556	0.985526013405	-0.0786880860227	0.944445050809
TGTCTTTGACAAACTA	-0.324834233721	0.58058884799	73.3172432287	-0.324834233721	-14.4072246532	0.58058884799	-0.559490997537	0.6321231547
TGTCTTTGACAATAGC	-0.386299968743	0.554472652845	69.9919549477	-0.386299968743	-13.8607431954	0.554472652845	-0.696697964743	0.558076151938
TGTCTTTGACACGGCA	0.0917394086201	0.534089164392	67.9538750335	0.0917394086201	-8.79506581151	0.534089164392	0.171767964483	0.879427799151
TGTCTTTGACCAAATA	-0.168005090158	0.47367576455	60.0429069456	-0.168005090158	-15.1238269147	0.47367576455	-0.354683736707	0.75673478237
TGTCTTTGACCAACAA	-0.389030919934	0.273740965894	28.3185840708	-0.389030919934	-14.2047905829	0.273740965894	-1.42116441602	0.291161895318
TGTCTTTGACCAACCA	-0.858641685354	0.154320138167	11.4776079378	-0.858641685354	-12.9228453858	0.154320138167	-5.56402874929	0.0308160794198
TGTCTTTGACCAACTA	-0.449690523623	0.0137766322112	0.187717886833	-0.449690523623	-4.31385634883	0.0137766322112	-32.6415423398	0.00093723342864
TGTCTTTGACCAACTC	-0.32736051398	0.213311961329	19.2008581389	-0.32736051398	-13.07283775	0.213311961329	-1.53465615309	0.264625521282
TGTCTTTGACCAACTG	-0.884232510356	0.426626881645	53.6604987932	-0.884232510356	-13.6083838233	0.426626881645	-2.07261320934	0.173970858399
TGTCTTTGACCAACTT	-0.0752782832776	0.335470181993	38.9916867793	-0.0752782832776	-14.0377828906	0.335470181993	-0.224396346735	0.843288312628
TGTCTTTGACCAATTA	-0.168005090158	0.47367576455	60.0429069456	-0.168005090158	-15.1238269147	0.47367576455	-0.354683736707	0.75673478237
TGTCTTTGACCAGCTA	-0.579132513541	0.351992054873	42.5583266291	-0.579132513541	-13.323141691	0.351992054873	-1.64529995926	0.241645206524
TGTCTTTGACCATAGC	-0.112408861657	0.487572150162	62.5636899973	-0.112408861657	-13.9069527449	0.487572150162	-0.230548159118	0.839101846678
TGTCTTTGACCATCTA	-0.868206324215	0.380912953917	46.6076696165	-0.868206324215	-13.7149671058	0.380912953917	-2.2792774971	0.150274586385
TGTCTTTGACCCACTA	-0.506466929437	0.196144372339	16.7605256101	-0.506466929437	-14.6477364706	0.196144372339	-2.58211297829	0.122932254734
TGTCTTTGACCGACTA	-0.554290578452	0.4391620323	55.1622418879	-0.554290578452	-13.3175813766	0.4391620323	-1.26215505368	0.334141475985
TGTCTTTGACCTACTA	0.153575653802	0.536932073068	68.3293108072	0.153575653802	-13.8953333831	0.536932073068	0.286024362308	0.80176401753
TGTCTTTGACGAAAGC	0.121657773734	1.11644534514	95.9774738536	0.121657773734	-14.6728029977	1.11644534514	0.108968857512	0.92317510319
TGTCTTTGACGACAGC	0.205764268938	0.149869359205	10.9949048002	0.205764268938	-14.2092720409	0.149869359205	1.37295755469	0.303436194925
TGTCTTTGACGATAAC	-0.478043395796	0.354492679447	42.7728613569	-0.478043395796	-13.7801996859	0.354492679447	-1.34852825887	0.309899987158
TGTCTTTGACGATACC	0.15937920072	0.117294110361	7.6427996782	0.15937920072	-13.9298040744	0.117294110361	1.35879968934	0.30716184677
TGTCTTTGACGATAGA	1.1207054044	0.721478412178	84.6339501207	1.1207054044	-14.5947818423	0.721478412178	1.55334572106	0.260553219493
TGTCTTTGACGATAGC	0.0185145583223	0.130728154526	8.68865647627	0.0185145583223	-4.94438422202	0.130728154526	0.141626403199	0.900353441939
TGTCTTTGACGATAGG	-0.135704338696	0.407041349614	50.8447304907	-0.135704338696	-14.8483007415	0.407041349614	-0.333392022271	0.770546000085
TGTCTTTGACGATAGT	-0.544455745145	0.889554009678	91.6867792974	-0.544455745145	-14.1339241424	0.889554009678	-0.612054736668	0.602813914507
TGTCTTTGACGATATC	0.153794378733	0.601720820952	75.3821399839	0.153794378733	-14.9567357599	0.601720820952	0.255590920868	0.822151158335
TGTCTTTGACGATCGC	-0.152368613101	0.995510035371	94.368463395	-0.152368613101	-14.8326826104	0.995510035371	-0.153055828357	0.892401504265
TGTCTTTGACGATGGC	0.331534155882	0.410920653316	51.4615178332	0.331534155882	-13.9781743259	0.410920653316	0.806808207879	0.504469488222
TGTCTTTGACGGTAGC	0.4903550075	0.698106708463	83.0785733441	0.4903550075	-14.9392880026	0.698106708463	0.702406955206	0.555169090769
TGTCTTTGACGTTAGC	0.0269692646615	0.656515585166	79.780101904	0.0269692646615	-14.3204690322	0.656515585166	0.0410793974596	0.970964726285
TGTCTTTGACTAACTA	-0.339969299764	0.404213631092	50.4692947171	-0.339969299764	-14.0419764276	0.404213631092	-0.841063421946	0.488843930885
TGTCTTTGACTACGGA	0.164765219704	0.443826285956	56.2885492089	0.164765219704	-15.261999848	0.443826285956	0.371238083272	0.746097377861
TGTCTTTGACTATAGC	-0.0331508549566	0.332042058384	38.5894341647	-0.0331508549566	-14.5507292434	0.332042058384	-0.0998393249277	0.929578207385
TGTCTTTGAGATAAAA	0.771225063966	0.656672961487	79.806918745	0.771225063966	-14.6209800648	0.656672961487	1.17444315389	0.361122560952
TGTCTTTGAGATTATA	0.256241704692	0.96145390201	93.242156074	0.256241704692	-14.2172219788	0.96145390201	0.266514810701	0.814805477054
TGTCTTTGAGCAACTA	0.268309239673	0.851664911786	90.1850362027	0.268309239673	-14.4568103286	0.851664911786	0.315040852288	0.782562364679
TGTCTTTGAGGATAGC	0.701669663482	0.379026889202	46.4199517297	0.701669663482	-15.5289463292	0.379026889202	1.85123980243	0.205343911691
TGTCTTTGATAAGAAT	-0.355000740566	0.38691849158	47.8680611424	-0.355000740566	-14.0706675021	0.38691849158	-0.917507817	0.455733699948
TGTCTTTGATACCGGC	-0.0445358776271	0.724095494266	84.8216680075	-0.0445358776271	-14.5039117536	0.724095494266	-0.0615055306651	0.956550094764
TGTCTTTGATACGGAT	0.270882378912	0.513888297678	65.8353445964	0.270882378912	-14.6555567318	0.513888297678	0.527123073509	0.650740174025
TGTCTTTGATCAACTA	0.233101677725	0.463480795423	58.9165996246	0.233101677725	-14.4038867531	0.463480795423	0.502937079653	0.664927880485
TGTCTTTGATGATAGC	-0.416254579494	0.907248790975	92.169482435	-0.416254579494	-13.7673261096	0.907248790975	-0.458809737346	0.691406523899
TGTCTTTGCAAACAAC	-0.760622296304	0.346480747716	41.4588361491	-0.760622296304	-14.4794181821	0.346480747716	-2.19528011677	0.159337867463
TGTCTTTGCAAATAAA	0.661176785601	0.362437056992	43.9259855189	0.661176785601	-15.223483302	0.362437056992	1.82425271601	0.209672576544
TGTCTTTGCACAACTA	-0.335720322964	0.49270016377	63.6363636364	-0.335720322964	-15.1728864815	0.49270016377	-0.681388697733	0.565940796502
TGTCTTTGCACATAAA	0.635308505874	0.321113732089	37.1681415929	0.635308505874	-14.4423519103	0.321113732089	1.97845324689	0.186467416244
TGTCTTTGCACCTCGC	0.463515213411	0.641467921287	78.8415124698	0.463515213411	-15.4963576118	0.641467921287	0.722585180068	0.545006311067
TGTCTTTGCACGGATA	0.34223214079	0.240659295972	23.6524537409	0.34223214079	-12.8087159839	0.240659295972	1.42206075776	0.290939561573
TGTCTTTGCAGAAAAA	-0.25044576373	0.240951297688	23.7329042639	-0.25044576373	-14.6679927934	0.240951297688	-1.0394040876	0.407779246721
TGTCTTTGCAGACAAA	1.44694058783	0.536808279836	68.3024939662	1.44694058783	-15.2643931454	0.536808279836	2.69545132254	0.114480658838
TGTCTTTGCAGATAAA	0.0590980390211	0.11733813701	7.66961651917	0.0590980390211	-5.13369629756	0.11733813701	0.503655849045	0.664502880494
TGTCTTTGCAGATAAC	0.749310281683	0.477764780281	60.686511129	0.749310281683	-14.0124493198	0.477764780281	1.56836651132	0.257338075885
TGTCTTTGCAGATAAG	0.714096770064	0.543420026477	69.0265486726	0.714096770064	-14.5548301295	0.543420026477	1.31407886215	0.319304003511
TGTCTTTGCAGATAAT	-0.627880609689	0.336423819909	39.7157414857	-0.627880609689	-14.9642005579	0.336423819909	-1.86633815007	0.202973844378
TGTCTTTGCAGATACA	0.168492279287	0.733344672488	85.2507374631	0.168492279287	-14.341216807	0.733344672488	0.229758646388	0.839638649792
TGTCTTTGCAGATAGA	0.176422373008	0.5599694472	71.1987127916	0.176422373008	-14.4061664933	0.5599694472	0.315057140868	0.782551654046
TGTCTTTGCAGATATA	0.318444712629	0.0992668950184	5.60471976401	0.318444712629	-14.7261201476	0.0992668950184	3.20796487661	0.0849700432528
TGTCTTTGCAGATGAA	0.39428954049	0.185022542849	15.5001340842	0.39428954049	-13.7206886553	0.185022542849	2.13103513993	0.166782812433
TGTCTTTGCAGCTAAA	0.164765219704	0.443826285956	56.2885492089	0.164765219704	-15.261999848	0.443826285956	0.371238083272	0.746097377861
TGTCTTTGCAGGTAAA	0.514066587002	0.472048680363	59.7211048538	0.514066587002	-14.3301134274	0.472048680363	1.08901180829	0.389882707028
TGTCTTTGCAGTTAAA	-0.0648637764222	0.331809813115	38.5358004827	-0.0648637764222	-14.4314695157	0.331809813115	-0.195484804422	0.863073319077
TGTCTTTGCATACTTA	0.151176490841	0.530270214439	67.5248055779	0.151176490841	-14.7871588267	0.530270214439	0.2850933104	0.802384065837
TGTCTTTGCCACGACA	-1.39432131461	0.369214129812	44.8377581121	-1.39432131461	-13.7533750825	0.369214129812	-3.77645708012	0.0635113003369
TGTCTTTGCCACGGCA	-0.35221924865	0.192041375075	16.1169214267	-0.35221924865	-6.73310534473	0.192041375075	-1.83408001798	0.208082414874
TGTCTTTGCCAGATAA	1.09619495759	0.312936347083	36.1491016358	1.09619495759	-13.2440137034	0.312936347083	3.50293268201	0.0727184310623
TGTCTTTGCCAGATAT	-0.768475247726	0.512143251164	65.5939930276	-0.768475247726	-14.2687837884	0.512143251164	-1.50050839483	0.272277105431
TGTCTTTGCCCAACTA	-0.0881999358111	0.343081636822	40.7079646018	-0.0881999358111	-13.3723989253	0.343081636822	-0.257081482495	0.821147059628
TGTCTTTGCCCCCCCC	0.0599682471917	0.236015664134	22.7943148297	0.0599682471917	-12.5286410189	0.236015664134	0.254085877782	0.823165576224
TGTCTTTGCCCCTCGC	-0.253527655123	0.642982942043	78.9755966747	-0.253527655123	-14.4493867925	0.642982942043	-0.394299192941	0.731431724782
TGTCTTTGCCGATAAA	-0.851896081245	0.492081953851	63.1000268168	-0.851896081245	-13.7812353722	0.492081953851	-1.73120772786	0.225554211532
TGTCTTTGCCGATAGC	0.368725126938	0.119221586874	7.80370072405	0.368725126938	-14.0860384552	0.119221586874	3.09277150729	0.0905672419646
TGTCTTTGCCTATTTA	-0.427874823132	0.734380136079	85.358004827	-0.427874823132	-7.37197495485	0.734380136079	-0.5826339822	0.619076487339
TGTCTTTGCGAGACAT	0.186309992455	0.971747960739	93.6980423706	0.186309992455	-15.1811356669	0.971747960739	0.191726661627	0.865657731877
TGTCTTTGCGAGATAC	-0.661893107949	0.481188850737	61.3569321534	-0.661893107949	-13.7691735048	0.481188850737	-1.37553708266	0.30276339198
TGTCTTTGCGAGATAT	-0.677582425676	0.0672032662177	2.4671493698	-0.677582425676	-5.50157668814	0.0672032662177	-10.0825817525	0.00969405377461
TGTCTTTGCGAGATCT	-0.344167197477	0.63434472554	78.1442746045	-0.344167197477	-14.7504445293	0.63434472554	-0.542555464907	0.641810581266
TGTCTTTGCGATTATA	-0.371743289711	0.267696923759	27.1654599088	-0.371743289711	-12.7802830301	0.267696923759	-1.38867225103	0.29936582192
TGTCTTTGCGCGATAT	-0.210166978218	0.086358431572	4.42477876106	-0.210166978218	-15.3832290908	0.086358431572	-2.43365904629	0.135384079429
TGTCTTTGCGGATAAA	-1.26827649132	2.98309789863	99.8122821132	-1.26827649132	-13.1266220941	2.98309789863	-0.425154163364	0.71209918649
TGTCTTTGCGGGATAT	-0.888691323038	0.278755261687	30.383480826	-0.888691323038	-14.7779071872	0.278755261687	-3.18807012883	0.0859006738431
TGTCTTTGCGTGATAT	0.4903550075	0.698106708463	83.0785733441	0.4903550075	-14.9392880026	0.698106708463	0.702406955206	0.555169090769
TGTCTTTGCTAAGAAT	0.192385592459	0.470978266264	59.533386967	0.192385592459	-13.3154573155	0.470978266264	0.408480828605	0.722504085111
TGTCTTTGCTACCGGC	-1.26807015662	0.378515770919	46.071332797	-1.26807015662	-13.9197637734	0.378515770919	-3.35011181578	0.0787230366881
TGTCTTTGCTACGGAC	-0.749215471125	0.389884127492	48.6189326897	-0.749215471125	-14.6343545723	0.389884127492	-1.92163624599	0.19459824361
TGTCTTTGCTACGGAT	-0.898009784819	0.212460242448	19.0399570931	-0.898009784819	-6.31918891654	0.212460242448	-4.22671919449	0.051674528917
TGTCTTTGCTACGGCT	-0.573303127743	0.224607828355	20.7830517565	-0.573303127743	-15.1078840978	0.224607828355	-2.55246280568	0.125287357654
TGTCTTTGCTACGGTT	0.516304096045	0.932760697954	92.8935371413	0.516304096045	-15.4882463861	0.932760697954	0.553522567125	0.635523762523
TGTCTTTGCTCCCCGC	-0.168005090158	0.47367576455	60.0429069456	-0.168005090158	-15.1238269147	0.47367576455	-0.354683736707	0.75673478237
TGTCTTTGCTCCTAGC	0.596229396277	0.721196940012	84.6071332797	0.596229396277	-15.1473746381	0.721196940012	0.826722027228	0.495325696015
TGTCTTTGCTCCTCAC	-0.456255472222	1.08823548998	95.6824886028	-0.456255472222	-14.725766856	1.08823548998	-0.419261709826	0.715764922734
TGTCTTTGCTCCTCCC	0.995419463195	0.222804719545	20.0589970501	0.995419463195	-15.4236824937	0.222804719545	4.46767674054	0.046623956383
TGTCTTTGCTCCTCGC	0.133596279878	0.430952594948	54.2236524537	0.133596279878	-6.14536379406	0.430952594948	0.31000226346	0.785879267486
TGTCTTTGCTGATAAA	0.315105048066	0.409077504692	51.1665325825	0.315105048066	-15.1402961865	0.409077504692	0.77028202346	0.521677839008
TGTCTTTGGAAAGAAT	1.45846371807	0.474439064916	60.1769911504	1.45846371807	-14.8969328919	0.474439064916	3.07408016313	0.0915248843775
TGTCTTTGGACGATAG	0.705257077191	0.161677400621	12.2821131671	0.705257077191	-14.9186352078	0.161677400621	4.36212528456	0.048743284149
TGTCTTTGGCAAGAAT	-0.179411545959	0.264848799884	26.7632072942	-0.179411545959	-13.0408206408	0.264848799884	-0.677411209861	0.568000557207
TGTCTTTGGCACCGGC	-1.66300779048	0.501792367724	64.2531509788	-1.66300779048	-13.4982335398	0.501792367724	-3.31413528273	0.0802401156882
TGTCTTTGGCCAACTA	-0.839678652508	0.470024224477	59.506570126	-0.839678652508	-13.2127533966	0.470024224477	-1.78645824785	0.215940103586
TGTCTTTGGCGATAGC	-0.289602112584	0.710540008334	84.1244301421	-0.289602112584	-14.06390588	0.710540008334	-0.407580303976	0.723068880137
TGTCTTTGGGTAGAAT	-0.627880609689	0.336423819909	39.7157414857	-0.627880609689	-14.9642005579	0.336423819909	-1.86633815007	0.202973844378
TGTCTTTGGTAAAAAT	-0.267132180395	0.481593699864	61.4910163583	-0.267132180395	-14.5533262406	0.481593699864	-0.554683710502	0.634861033653
TGTCTTTGGTAACAAT	0.248155861535	0.241632104594	24.0278895146	0.248155861535	-14.4282258046	0.241632104594	1.02699871754	0.412397351549
TGTCTTTGGTAAGAAA	0.390547902558	0.243542956064	24.5105926522	0.390547902558	-14.2551224432	0.243542956064	1.60360992931	0.249991308299
TGTCTTTGGTAAGAAC	0.392041313127	0.269576396551	27.4336283186	0.392041313127	-13.0615897624	0.269576396551	1.45428649594	0.283084893543
TGTCTTTGGTAAGAAT	0.371338069337	0.0938554516539	4.98793242156	0.371338069337	-4.62996372838	0.0938554516539	3.95648907755	0.0583472079254
TGTCTTTGGTAAGACT	0.633792387479	0.641450412516	78.5465272191	0.633792387479	-14.0915110257	0.641450412516	0.988061391983	0.427272405565
TGTCTTTGGTAAGAGT	0.238475862128	0.103826303064	6.22150710646	0.238475862128	-14.0875843124	0.103826303064	2.29687328827	0.148466325652
TGTCTTTGGTAAGATT	0.445132230266	0.436433141575	54.8136229552	0.445132230266	-14.4161990755	0.436433141575	1.01993223672	0.415053927183
TGTCTTTGGTAAGCAT	0.446598154453	0.658420627957	79.8873692679	0.446598154453	-14.013376982	0.658420627957	0.678287003004	0.567546441266
TGTCTTTGGTAAGGAT	0.502917877508	0.478612206951	60.8474121748	0.502917877508	-13.4796684049	0.478612206951	1.05078364113	0.403593710225
TGTCTTTGGTAAGTAT	-0.071852706122	0.250566009579	25.2346473585	-0.071852706122	-14.2407554028	0.250566009579	-0.286761585271	0.80127322132
TGTCTTTGGTAATAAT	-0.506466929437	0.196144372339	16.7605256101	-0.506466929437	-14.6477364706	0.196144372339	-2.58211297829	0.122932254734
TGTCTTTGGTACAGGC	0.0665852532259	0.561671162642	71.6277822473	0.0665852532259	-14.9832341536	0.561671162642	0.118548463326	0.916466553206
TGTCTTTGGTACCAGC	-1.74265501512	0.368783528571	44.7036739072	-1.74265501512	-13.3585846869	0.368783528571	-4.72541445079	0.0419836065489
TGTCTTTGGTACCCGC	-1.12268038208	0.44253647081	55.8326629123	-1.12268038208	-14.6913233218	0.44253647081	-2.53692171411	0.126547069056
TGTCTTTGGTACCGAC	-1.01563850606	0.285262599248	31.429337624	-1.01563850606	-13.4306862133	0.285262599248	-3.560363359	0.0706320298092
TGTCTTTGGTACCGCC	0.0719947718301	0.324328691069	37.7312952534	0.0719947718301	-14.1024773678	0.324328691069	0.22198089103	0.844934417583
TGTCTTTGGTACCGGA	-0.871821680154	0.346976432363	41.8342719228	-0.871821680154	-14.8815348654	0.346976432363	-2.51262506279	0.128552235038
TGTCTTTGGTACCGGC	-1.17506989412	0.144702177481	10.4585679807	-1.17506989412	-5.08231507677	0.144702177481	-8.12060961748	0.0148278708313
TGTCTTTGGTACGAAT	0.380471646059	0.14459861974	10.4317511397	0.380471646059	-15.3901113347	0.14459861974	2.6312259878	0.119165774311
TGTCTTTGGTACGGAT	-0.154103777856	0.296308755826	33.6015017431	-0.154103777856	-13.5312429816	0.296308755826	-0.520078380492	0.654848460558
TGTCTTTGGTACTGGC	-1.02618125565	0.476632040103	60.4987932422	-1.02618125565	-13.9822294704	0.476632040103	-2.1529842086	0.164186809099
TGTCTTTGGTAGGAAT	0.826917183315	0.684315288107	82.1131670689	0.826917183315	-14.3982257757	0.684315288107	1.20838624781	0.350386052049
TGTCTTTGGTATGAAT	0.384428821926	0.147195715269	10.6999195495	0.384428821926	-14.062985636	0.147195715269	2.61168486612	0.120644718553
TGTCTTTGGTCAGAAT	0.827941945066	0.198212367105	17.1091445428	0.827941945066	-14.1790823544	0.198212367105	4.17704483911	0.0528146461977
TGTCTTTGGTGAGAAT	-0.0120213575384	0.440194273254	55.3231429338	-0.0120213575384	-13.7774940444	0.440194273254	-0.0273092092942	0.980693072326
TGTCTTTGGTGATATA	0.292571370109	0.147281440006	10.7267363905	0.292571370109	-14.3266081138	0.147281440006	1.98647820185	0.185356009035
TGTCTTTGGTGATTAT	0.819837166013	0.400367078131	50.0402252615	0.819837166013	-14.9525790025	0.400367078131	2.0477137377	0.177162471035
TGTCTTTGGTGCCGGC	-0.154420276085	0.793016498663	88.6832931081	-0.154420276085	-14.7216949826	0.793016498663	-0.194725174502	0.863595480391
TGTCTTTGTAAACAAC	-0.404874046146	0.177817211222	14.4810941271	-0.404874046146	-6.13926210958	0.177817211222	-2.27691146072	0.150520048267
TGTCTTTGTAAATAAC	-0.871821680154	0.346976432363	41.8342719228	-0.871821680154	-14.8815348654	0.346976432363	-2.51262506279	0.128552235038
TGTCTTTGTAAGCAAC	0.164765219704	0.443826285956	56.2885492089	0.164765219704	-15.261999848	0.443826285956	0.371238083272	0.746097377861
TGTCTTTGTAAGGATA	0.14908975249	0.748968166593	86.1356932153	0.14908975249	-14.3763712427	0.748968166593	0.199060199271	0.860617170942
TGTCTTTGTAATTATA	-0.0982777228652	0.700651114184	83.4808259587	-0.0982777228652	-14.0264981373	0.700651114184	-0.140266276433	0.901301043001
TGTCTTTGTACAGATA	-0.118846943888	0.105231055994	6.32877447037	-0.118846943888	-13.1460120302	0.105231055994	-1.12939039493	0.375972418577
TGTCTTTGTACCGATA	-0.122191435604	0.881337821925	91.4186108876	-0.122191435604	-13.9873031339	0.881337821925	-0.138643131571	0.902432240202
TGTCTTTGTACGAATA	0.804582850599	1.85686157188	99.4904800215	0.804582850599	-13.663557949	1.85686157188	0.433302548117	0.707050819305
TGTCTTTGTACGCATA	-0.400158195041	0.67757551915	81.3891123626	-0.400158195041	-14.3239499144	0.67757551915	-0.590573572585	0.614652005744
TGTCTTTGTACGGAAA	-1.00057693004	1.21396046346	97.0501474926	-1.00057693004	-13.9517823136	1.21396046346	-0.824225302355	0.496462947899
TGTCTTTGTACGGACA	-0.158955173059	0.229355284467	21.4266559399	-0.158955173059	-13.1245942222	0.229355284467	-0.6930521502	0.559939948403
TGTCTTTGTACGGATA	0.131968905804	0.0691729457353	2.70850093859	0.131968905804	-4.24200573397	0.0691729457353	1.90781098594	0.196648335827
TGTCTTTGTACGGATC	-0.189219940645	0.162354262838	12.308930008	-0.189219940645	-12.8127893879	0.162354262838	-1.1654756539	0.364023168058
TGTCTTTGTACGGATG	0.802191168826	0.0409172761765	1.01903995709	0.802191168826	-14.1699943955	0.0409172761765	19.6051947682	0.00259159330096
TGTCTTTGTACGGATT	0.278207309629	0.428100646226	53.7945829981	0.278207309629	-13.8549825944	0.428100646226	0.649864259914	0.582451837549
TGTCTTTGTACGGCTA	0.153308636989	0.428352289518	53.8213998391	0.153308636989	-13.8508130372	0.428352289518	0.357903157612	0.75465904132
TGTCTTTGTACGGGTA	0.0462357583057	0.199595095151	17.2968624296	0.0462357583057	-13.3530748834	0.199595095151	0.231647768052	0.838354441845
TGTCTTTGTACGGTTA	-0.00632494748632	0.13121775162	8.71547331724	-0.00632494748632	-13.7484110556	0.13121775162	-0.0482019193916	0.965935876548
TGTCTTTGTACGTATA	0.344585705814	0.803879141411	89.0050951998	0.344585705814	-14.719719417	0.803879141411	0.428653622246	0.709928111246
TGTCTTTGTACTGATA	-0.208992935323	0.520333325482	66.5593993028	-0.208992935323	-13.4685613714	0.520333325482	-0.401652027822	0.726794152393
TGTCTTTGTAGATAAA	-0.118798358391	0.382194182407	46.9831053902	-0.118798358391	-13.940942976	0.382194182407	-0.310832461245	0.785332235042
TGTCTTTGTATACCTA	1.14479890434	0.296736050048	33.8160364709	1.14479890434	-15.9097162209	0.296736050048	3.8579704224	0.0610941436404
TGTCTTTGTATACTCA	0.690195138266	0.228095566697	21.1853043711	0.690195138266	-14.9671680543	0.228095566697	3.02590334508	0.0940608535084
TGTCTTTGTATACTTA	0.391347588256	0.285315269297	31.456154465	0.391347588256	-6.55679219748	0.285315269297	1.37163212197	0.303782615943
TGTCTTTGTATACTTC	0.373082806343	0.559898129698	70.823277018	0.373082806343	-14.5055751753	0.559898129698	0.666340511879	0.573769270401
TGTCTTTGTATCCTTA	0.373082799677	0.559898160913	71.1718959507	0.373082799677	-15.6041874304	0.559898160913	0.666340462822	0.573769296079
TGTCTTTGTATGGATA	-0.0344459562047	0.13479079235	9.25181013677	-0.0344459562047	-13.1369062122	0.13479079235	-0.255551255425	0.822177886082
TGTCTTTGTCACGGAT	0.00838676449128	0.859209635765	90.6141056584	0.00838676449128	-14.9383630189	0.859209635765	0.00976102238869	0.993098079275
TGTCTTTGTCAGATAA	0.0415734880478	0.241624405724	24.0010726736	0.0415734880478	-15.1226437036	0.241624405724	0.172058314735	0.879226958674
TGTCTTTGTCATTATA	0.192240107926	0.389012924858	48.323947439	0.192240107926	-13.470914878	0.389012924858	0.49417408945	0.670125750878
TGTCTTTGTCCAACTA	-0.443900703507	0.153410012772	11.3971574149	-0.443900703507	-13.549100067	0.153410012772	-2.89355756828	0.101564852574
TGTCTTTGTCCGGATA	-0.397316971464	0.298161703213	34.0037543577	-0.397316971464	-13.3557334784	0.298161703213	-1.33255534558	0.314217655118
TGTCTTTGTCGAGACT	-0.0622309054069	0.75287864439	86.4038616251	-0.0622309054069	-14.8443831037	0.75287864439	-0.0826572859659	0.94165204922
TGTCTTTGTCGAGATC	0.42687194037	0.298050880761	33.9769375168	0.42687194037	-14.4221578259	0.298050880761	1.43221163876	0.288436374718
TGTCTTTGTCGAGATT	-0.0818151038868	0.424073926849	53.3118798606	-0.0818151038868	-6.43482333117	0.424073926849	-0.192926512824	0.864832313452
TGTCTTTGTCGATAGC	0.896845576064	0.511921928144	65.5403593457	0.896845576064	-14.6722927416	0.511921928144	1.75191865548	0.221885673859
TGTCTTTGTCGCGCTC	0.350508408139	0.481159258725	61.3301153124	0.350508408139	-15.227202231	0.481159258725	0.728466514534	0.542077064746
TGTCTTTGTGAACAAC	-0.871821680154	0.346976432363	41.8342719228	-0.871821680154	-14.8815348654	0.346976432363	-2.51262506279	0.128552235038
TGTCTTTGTGAATATA	0.14194489121	0.130526087283	8.63502279431	0.14194489121	-14.257825644	0.130526087283	1.08748292517	0.390420836732
TGTCTTTGTGACTATA	-0.0161375785725	0.374524647499	45.5081791365	-0.0161375785725	-13.4726181686	0.374524647499	-0.0430881617011	0.969546200446
TGTCTTTGTGAGATAT	-0.35142892311	0.287135199313	31.9388576026	-0.35142892311	-14.6997303648	0.287135199313	-1.22391446242	0.345600081171
TGTCTTTGTGATCATA	-0.288567480011	0.656952221189	79.8337355859	-0.288567480011	-13.4245846366	0.656952221189	-0.439251852271	0.703380287207
TGTCTTTGTGATTAAA	-0.582879693931	0.672776907925	80.7991418611	-0.582879693931	-13.7761130852	0.672776907925	-0.866378865067	0.477612043342
TGTCTTTGTGATTACA	0.192435590962	0.162841300656	12.4161973719	0.192435590962	-13.2493785568	0.162841300656	1.18173700521	0.358783224733
TGTCTTTGTGATTATA	0.0377366910632	0.100990959975	5.9533386967	0.0377366910632	-4.41865098737	0.100990959975	0.37366404946	0.744546120683
TGTCTTTGTGATTATC	0.0648408807322	0.197538668206	16.9214266559	0.0648408807322	-13.0210480395	0.197538668206	0.328243990511	0.773906622902
TGTCTTTGTGATTATG	-0.0611518552917	0.348511191571	42.1024403325	-0.0611518552917	-14.037343422	0.348511191571	-0.175465972889	0.876870935003
TGTCTTTGTGATTATT	-0.0831936992079	0.217966494979	19.6299275945	-0.0831936992079	-14.0435542465	0.217966494979	-0.381681135057	0.739433746242
TGTCTTTGTGATTCTA	0.0743237499328	0.620620487519	77.0984178064	0.0743237499328	-14.0024575572	0.620620487519	0.119757164688	0.915620892941
TGTCTTTGTGATTGTA	0.161797517134	0.674629986857	80.9600429069	0.161797517134	-13.9408529861	0.674629986857	0.239831493242	0.832800771574
TGTCTTTGTGATTTTA	-0.199819274106	0.48659047481	62.4564226334	-0.199819274106	-13.998050174	0.48659047481	-0.410651840615	0.721143643256
TGTCTTTGTGCGGATA	0.126278657451	0.691314471393	82.7299544114	0.126278657451	-13.393546577	0.691314471393	0.18266456537	0.871900777893
TGTCTTTGTGCTTATA	-0.0237211068494	0.244453141986	24.72512738	-0.0237211068494	-14.1410996019	0.244453141986	-0.0970374389817	0.931545126935
TGTCTTTGTGGCACTC	0.148644951618	0.70025279724	83.4540091177	0.148644951618	-15.229452541	0.70025279724	0.212273270745	0.851562958199
TGTCTTTGTGGCGCCC	-0.573303127743	0.224607828355	20.7830517565	-0.573303127743	-15.1078840978	0.224607828355	-2.55246280568	0.125287357654
TGTCTTTGTGGCGCTC	0.0899895371599	0.0657513746808	2.3598820059	0.0899895371599	-6.8150969226	0.0657513746808	1.36863354716	0.304568135508
TGTCTTTGTGGTGCTC	-0.0427037456282	0.107542538891	6.65057656208	-0.0427037456282	-14.9993810835	0.107542538891	-0.397087013832	0.729671174293
TGTCTTTGTGGTTATA	0.768316379188	0.359376984657	43.2287476535	0.768316379188	-14.3385481704	0.359376984657	2.13791203107	0.165963467194
TGTCTTTGTGTAAGAA	1.30137922058	0.429048476359	53.928667203	1.30137922058	-15.437311865	0.429048476359	3.03317525242	0.0936716948869
TGTCTTTGTGTAGAAT	0.445575568185	0.413436118257	51.9710378117	0.445575568185	-14.3714838725	0.413436118257	1.07773740249	0.393870903881
TGTCTTTGTGTTTATA	-0.499830243512	0.316555700852	36.6049879324	-0.499830243512	-14.0264880921	0.316555700852	-1.57896459349	0.255100061023
TGTCTTTGTTAAGAAT	0.665277758927	0.429650014718	54.0091177259	0.665277758927	-14.4794074929	0.429650014718	1.54841786603	0.261619164779
TGTCTTTGTTACGCAT	0.516304096045	0.932760697954	92.8935371413	0.516304096045	-15.4882463861	0.932760697954	0.553522567125	0.635523762523
TGTCTTTGTTACGGAT	0.339997599971	0.252124518298	25.3955484044	0.339997599971	-6.6654807583	0.252124518298	1.34853048909	0.309899389389
TGTCTTTGTTATTATA	0.470943997921	0.398364029807	49.8793242156	0.470943997921	-14.3567666695	0.398364029807	1.1821950846	0.358636899559
TGTCTTTGTTCGGATA	0.500142380729	0.0521437218167	1.63582729954	0.500142380729	-14.011458447	0.0521437218167	9.59161262956	0.0106956053173
TGTCTTTGTTGATATA	0.106998493537	0.790972749855	88.5223920622	0.106998493537	-15.3140955054	0.790972749855	0.135274563576	0.904781054707
TGTCTTTGTTGATTAT	0.463515213411	0.641467921287	78.8415124698	0.463515213411	-15.4963576118	0.641467921287	0.722585180068	0.545006311067
TGTCTTTTACCAACTA	0.123477618691	0.198091297668	17.0555108608	0.123477618691	-14.1698752906	0.198091297668	0.623336916585	0.596674408987
TGTCTTTTACGATAGC	0.548111470889	0.380857898813	46.5808527755	0.548111470889	-14.6022562439	0.380857898813	1.43914954264	0.286740939872
TGTCTTTTCTCCTCGC	-0.313444359955	0.788075608496	88.1469562885	-0.313444359955	-14.9229822051	0.788075608496	-0.397733867888	0.729263062882
TGTCTTTTGTAAGAAT	1.01140317123	1.20047424342	96.9965138107	1.01140317123	-14.7473009105	1.20047424342	0.842503016434	0.488198048983
TGTCTTTTTACGGATA	0.0551158273754	1.41484720727	98.3105390185	0.0551158273754	-10.9125327802	1.41484720727	0.0389553211769	0.972464872508
TGTCTTTTTGATTATA	1.98081558794	2.25523582048	99.6513810673	1.98081558794	-9.59298390387	2.25523582048	0.878318608614	0.472406953182
TGTGTTTGACCAACTA	-0.427981503565	0.319580287598	37.0072405471	-0.427981503565	-13.264489689	0.319580287598	-1.33919869333	0.312413003093
TGTGTTTGACGATAGC	-0.851617155425	0.388679653025	48.2434969161	-0.851617155425	-13.6194569449	0.388679653025	-2.19105154797	0.159813756116
TGTGTTTGCAGATAAA	0.779832441851	0.25034730677	25.2078305176	0.779832441851	-14.4527361157	0.25034730677	3.11500232183	0.089446791549
TGTGTTTGCGAGATAT	-0.252158342838	0.561100486861	71.5205148833	-0.252158342838	-14.6250632868	0.561100486861	-0.449399615119	0.697149718264
TGTGTTTGCTCCTCGC	0.560649994427	0.87871014474	91.2577098418	0.560649994427	-15.2683445421	0.87871014474	0.638037466373	0.588755735219
TGTGTTTGGTAAGAAT	0.355290734604	0.244699369767	24.751944221	0.355290734604	-13.9328142854	0.244699369767	1.45194789403	0.283645913242
TGTGTTTGGTACCGGC	-0.904739454299	0.483086610445	61.759184768	-0.904739454299	-14.1685003948	0.483086610445	-1.87283074036	0.20196585411
TGTGTTTGTACGGATA	0.356583719423	0.241758321434	24.1083400375	0.356583719423	-13.3966679646	0.241758321434	1.47495944424	0.278185576231
TGTGTTTGTGATTATA	0.0506363620201	0.877729007458	91.1772593189	0.0506363620201	-13.7468536628	0.877729007458	0.0576902000387	0.959240767551
TGTTTTGACTCCTCGC	0.344573099396	0.933764729597	92.9471708233	0.344573099396	-9.59818024589	0.933764729597	0.369014901156	0.747520689865
TGTTTTTGACCAACTA	0.150281980668	0.25647604643	25.9855189059	0.150281980668	-14.6993954561	0.25647604643	0.585949381083	0.617225714184
TGTTTTTGACGATAGC	0.628071099218	0.40988965669	51.3006167873	0.628071099218	-14.9739434557	0.40988965669	1.53229311588	0.265146158891
TGTTTTTGGTAAGAAT	0.324375424152	0.749527915871	86.1893268973	0.324375424152	-14.1992718837	0.749527915871	0.432772972538	0.70737818215
TGTTTTTGTACGGATA	0.396269479345	0.748209155833	86.0552426924	0.396269479345	-14.4896390683	0.748209155833	0.529623937712	0.649286548564
TGTTTTTGTGATTATA	0.0326807579543	0.675568769671	81.0941271118	0.0326807579543	-14.3023522725	0.675568769671	0.0483751757355	0.965813579752
TTATAACTACCAACTA	-0.405102028893	0.29265388147	32.8774470367	-0.405102028893	-13.5070726582	0.29265388147	-1.38423596796	0.300508031776
TTATAACTCGAGATAT	0.571292990865	1.06915509339	95.3606865111	0.571292990865	-14.9329059625	1.06915509339	0.534340615685	0.64655187378
TTCCCGAACAGATAAA	0.516304096045	0.932760697954	92.8935371413	0.516304096045	-15.4882463861	0.932760697954	0.553522567125	0.635523762523
TTCGTTGGTGATTATA	0.231935419136	0.275275392202	29.8739608474	0.231935419136	-15.7184495905	0.275275392202	0.84255776472	0.488173502976
TTCTAACTACCAACTA	-0.536532774887	0.318308064775	36.8731563422	-0.536532774887	-14.1988677919	0.318308064775	-1.68557706908	0.23392119802
TTCTCAGAACCAACTA	0.129790910825	0.328806914258	38.2676320729	0.129790910825	-13.5679900451	0.328806914258	0.394732912226	0.731157647213
TTCTCAGAAGCAATAA	-0.313444359955	0.788075608496	88.1469562885	-0.313444359955	-14.9229822051	0.788075608496	-0.397733867888	0.729263062882
TTCTCAGACCACGGCA	-0.508703310907	0.396598206505	49.6111558058	-0.508703310907	-14.7148203545	0.396598206505	-1.28266669532	0.328182796184
TTCTCAGAGTAAGAAT	-0.0404709635536	0.778932924726	87.7178868329	-0.0404709635536	-15.3837788856	0.778932924726	-0.0519569301398	0.963285671803
TTCTCAGATAAACAAC	0.846808351934	0.137571625401	9.46634486457	0.846808351934	-14.8336044014	0.137571625401	6.15539977425	0.0253919780242
TTCTCAGATACGGATA	0.0295430489247	0.227430505625	21.1048538482	0.0295430489247	-12.955461253	0.227430505625	0.129899236004	0.908532410633
TTCTCAGATATACTTA	-0.324868159783	0.287713700819	32.1265754894	-0.324868159783	-14.5028910163	0.287713700819	-1.12913691235	0.376057947723
TTCTTTGGTGATTATA	1.03319573943	0.868817203336	90.962724591	1.03319573943	-7.6444004996	0.868817203336	1.18919806775	0.356408615317
TTGAAACTACCAACTA	0.193727978353	0.13183865592	8.8763743631	0.193727978353	-13.8626864662	0.13183865592	1.46943229208	0.279484968922
TTGAAACTCGAGATAT	-0.280530699262	0.365622992274	44.3550549745	-0.280530699262	-14.5773900103	0.365622992274	-0.767267664206	0.523123346019
TTGCAACTACCAACTA	0.0837354575258	0.29927383243	34.1378385626	0.0837354575258	-13.4303458704	0.29927383243	0.279795453033	0.805916753068
TTGCAACTACGATAGC	-0.46660383424	0.877645943048	91.1504424779	-0.46660383424	-14.9536141129	0.877645943048	-0.531653838244	0.648108530797
TTGCAACTCGAGATAT	-0.0279940526734	0.792379302277	88.6296594261	-0.0279940526734	-14.0380169305	0.792379302277	-0.0353291063925	0.975026340773
TTGCAACTTACGGATA	-0.0346369704607	0.345623300559	41.3515687852	-0.0346369704607	-15.3080019405	0.345623300559	-0.100215958833	0.929313873081
TTGGAACTACCAACTA	-0.466155993237	0.230080617647	21.5339233038	-0.466155993237	-13.0832793683	0.230080617647	-2.02605503238	0.180003504739
TTGGAACTTACGGATA	-0.335720322964	0.49270016377	63.6363636364	-0.335720322964	-15.1728864815	0.49270016377	-0.681388697733	0.565940796502
TTGTAAATACCAACTA	-1.12268038208	0.44253647081	55.8326629123	-1.12268038208	-14.6913233218	0.44253647081	-2.53692171411	0.126547069056
TTGTAACAACCAACTA	-0.118940451794	0.20066096564	17.4041297935	-0.118940451794	-14.3165399418	0.20066096564	-0.592743344051	0.613447453585
TTGTAACCACCAACTA	0.568764642875	0.273942731454	28.3454009118	0.568764642875	-13.6668560955	0.273942731454	2.07621731686	0.173515360361
TTGTAACCCGAGATAT	-0.210825012152	0.523752012068	66.9616519174	-0.210825012152	-14.2950702133	0.523752012068	-0.40252830976	0.726242725693
TTGTAACCTACGGATA	0.872292415666	0.551742669128	69.5897023331	0.872292415666	-10.8544966366	0.551742669128	1.58097690187	0.254677936481
TTGTAACGACCAACTA	-0.0514903306337	0.197887259643	17.0018771789	-0.0514903306337	-12.688512725	0.197887259643	-0.260200331879	0.819047894881
TTGTAACGACGATAGC	-0.0364762864107	0.389663437125	48.5116653258	-0.0364762864107	-15.1772198596	0.389663437125	-0.0936097229955	0.933952461961
TTGTAACGCGAGATAT	-0.809101471082	0.24220976603	24.2156074014	-0.809101471082	-13.5259092047	0.24220976603	-3.34049895817	0.079124331729
TTGTAACGTACGGATA	0.00838676449128	0.859209635765	90.6141056584	0.00838676449128	-14.9383630189	0.859209635765	0.00976102238869	0.993098079275
TTGTAACTAACAACTA	0.0852502773869	1.05831528477	95.3338696702	0.0852502773869	-14.0397383054	1.05831528477	0.0805528169285	0.943132731666
TTGTAACTAACCAACT	1.40232528347	0.498894497415	64.065433092	1.40232528347	-10.3392456166	0.498894497415	2.81086540489	0.106691836965
TTGTAACTACAAACTA	-0.103605516344	0.336405895678	39.4207562349	-0.103605516344	-14.1796422206	0.336405895678	-0.307977706915	0.787214128834
TTGTAACTACAATAGC	0.316486825615	0.272224315731	27.9699651381	0.316486825615	-15.4673916857	0.272224315731	1.16259572465	0.364960465054
TTGTAACTACCAAATA	-0.442027734048	0.526618812291	67.3370876911	-0.442027734048	-14.4127475442	0.526618812291	-0.839369433321	0.489605058654
TTGTAACTACCAACCA	-0.211280668243	0.412784543814	51.64923572	-0.211280668243	-12.9687305037	0.412784543814	-0.511842488797	0.659676693763
TTGTAACTACCAACTA	-0.29225708115	0.046111359628	1.28720836685	-0.29225708115	-4.06660750981	0.046111359628	-6.33807121516	0.0240009176306
TTGTAACTACCAACTC	-0.508736362379	0.230657195791	21.6411906677	-0.508736362379	-12.5273524588	0.230657195791	-2.20559502007	0.158185131642
TTGTAACTACCAACTG	-0.290834577292	0.224874364891	20.8098685975	-0.290834577292	-13.2303798043	0.224874364891	-1.29332028323	0.325138426664
TTGTAACTACCAACTT	-0.472762319991	0.469591381532	59.4529364441	-0.472762319991	-13.1148464286	0.469591381532	-1.00675254824	0.420059435704
TTGTAACTACCAATTA	-0.594752852498	0.44658638485	56.7176186645	-0.594752852498	-14.0299459097	0.44658638485	-1.33177560417	0.314430303956
TTGTAACTACCACCTA	-0.56924615736	0.474558424063	60.2038079914	-0.56924615736	-14.1248322687	0.474558424063	-1.19952808442	0.353151327447
TTGTAACTACCAGCTA	-0.0751586978694	0.191662940597	16.0632877447	-0.0751586978694	-13.410180068	0.191662940597	-0.392139960053	0.732797165603
TTGTAACTACCATCTA	-0.721466856012	0.531780280533	67.6320729418	-0.721466856012	-13.2675237066	0.531780280533	-1.35670103316	0.307718882964
TTGTAACTACCCACTA	-0.362530730033	0.207089933156	18.5036202735	-0.362530730033	-14.3749724594	0.207089933156	-1.7505956205	0.222117673685
TTGTAACTACCGACTA	0.248083888925	0.359222761908	43.2019308126	0.248083888925	-13.2418264314	0.359222761908	0.690612943364	0.561190093637
TTGTAACTACCTACTA	-0.52872600285	0.105655764167	6.35559131134	-0.52872600285	-13.7431321757	0.105655764167	-5.00423244314	0.0376892863572
TTGTAACTACGAACTA	-0.951733041004	0.484340181822	62.0005363368	-0.951733041004	-14.3256044711	0.484340181822	-1.96500946385	0.188349479005
TTGTAACTACGATAGC	-0.140283651517	0.348317542856	42.0488066506	-0.140283651517	-6.61945584621	0.348317542856	-0.40274644328	0.726105500561
TTGTAACTACTAACTA	-0.0586001779109	0.301943570797	34.4060069724	-0.0586001779109	-13.5940515401	0.301943570797	-0.194076587742	0.864041401858
TTGTAACTAGAGATAT	-0.418915705834	0.532677101673	67.7393403057	-0.418915705834	-14.5778004749	0.532677101673	-0.786434604601	0.513998023726
TTGTAACTAGCAACTA	0.860086312929	0.305461064225	35.2373290426	0.860086312929	-15.1886417552	0.305461064225	2.81569867214	0.106382193945
TTGTAACTAGCAATCA	0.599948953544	0.877320955476	91.0968087959	0.599948953544	-9.84398665605	0.877320955476	0.683842041842	0.564673703696
TTGTAACTATCAACTA	0.234581984852	0.285359832626	31.482971306	0.234581984852	-13.7935769046	0.285359832626	0.822056778957	0.497452833555
TTGTAACTCAAGATAT	0.026693735814	0.547649097531	69.2410834004	0.026693735814	-14.3206932999	0.547649097531	0.048742408112	0.965554365797
TTGTAACTCACCAACT	-0.496170697132	0.679371623536	81.6304639313	-0.496170697132	-13.8682581613	0.679371623536	-0.730337682563	0.541148226305
TTGTAACTCACGGATA	-0.175275922487	0.822670101645	89.3537141325	-0.175275922487	-14.5643619086	0.822670101645	-0.213057363014	0.851026809787
TTGTAACTCAGATAAA	-0.045869674294	0.665879586009	80.3700724055	-0.045869674294	-7.61738489514	0.665879586009	-0.0688858395087	0.9513480381
TTGTAACTCCACGGCA	-0.10375059656	1.56533135389	99.0345937249	-0.10375059656	-9.53665308981	1.56533135389	-0.0662802775285	0.953184154479
TTGTAACTCCAGATAT	-0.384930779869	0.447586341911	56.8785197104	-0.384930779869	-13.7621968307	0.447586341911	-0.860014580037	0.48041064194
TTGTAACTCCCAACTA	-0.558522619715	0.465568161679	59.1043175114	-0.558522619715	-12.8071880778	0.465568161679	-1.19965810742	0.35311055212
TTGTAACTCCCCCCCC	-0.21188137692	0.256302756813	25.9318852239	-0.21188137692	-13.4694548919	0.256302756813	-0.826683955936	0.495343017706
TTGTAACTCCGATAGC	0.164765219704	0.443826285956	56.2885492089	0.164765219704	-15.261999848	0.443826285956	0.371238083272	0.746097377861
TTGTAACTCCTATTTA	-1.63875671397	0.661674033084	80.1823545186	-1.63875671397	-9.32192679428	0.661674033084	-2.47668282573	0.131600760138
TTGTAACTCGAGACAT	-0.234071070189	0.571079388225	72.6736390453	-0.234071070189	-14.1468808336	0.571079388225	-0.409874835294	0.721630353084
TTGTAACTCGAGATAA	0.394289533096	0.185022531126	15.4733172432	0.394289533096	-14.8193009321	0.185022531126	2.13103523499	0.166782801069
TTGTAACTCGAGATAC	0.130554337707	0.328804037042	38.240815232	0.130554337707	-13.3992669793	0.328804037042	0.39705819576	0.729689359506
TTGTAACTCGAGATAT	-0.117431621073	0.154446763752	11.5044247788	-0.117431621073	-5.05828401003	0.154446763752	-0.760337207595	0.526461496915
TTGTAACTCGAGATCT	0.231935442149	0.275275385704	28.5331187986	0.231935442149	-14.4191666261	0.275275385704	0.842557868207	0.488173456579
TTGTAACTCGAGATGT	-0.61862935202	1.29864594163	97.8546527219	-0.61862935202	-14.3296025518	1.29864594163	-0.476364906084	0.680782194279
TTGTAACTCGAGATTT	0.565708693694	0.224332683413	20.3271654599	0.565708693694	-15.2775574157	0.224332683413	2.52173996713	0.127794825401
TTGTAACTCGAGGTAT	0.00838676449128	0.859209635765	90.6141056584	0.00838676449128	-14.9383630189	0.859209635765	0.00976102238869	0.993098079275
TTGTAACTCGAGTTAT	0.148644951618	0.70025279724	83.4540091177	0.148644951618	-15.229452541	0.70025279724	0.212273270745	0.851562958199
TTGTAACTCGATATAT	-0.385467366555	0.301957220311	34.6741753821	-0.385467366555	-15.0531433823	0.301957220311	-1.27656283946	0.329942525495
TTGTAACTCGATTATA	0.463515213411	0.641467921287	78.8415124698	0.463515213411	-15.4963576118	0.641467921287	0.722585180068	0.545006311067
TTGTAACTCGCGATAT	-0.571786310659	1.5239243043	98.927326361	-0.571786310659	-14.3573514808	1.5239243043	-0.375206504055	0.743560839331
TTGTAACTCGGGATAT	0.19767579817	0.582770135695	73.4513274336	0.19767579817	-14.2053763856	0.582770135695	0.339200288523	0.766764210935
TTGTAACTCGTGATAT	-0.609152047629	0.602849153107	75.5162241888	-0.609152047629	-14.149877978	0.602849153107	-1.01045517687	0.418646519128
TTGTAACTCTAGATAT	0.678710556317	0.301543378496	34.3523732904	0.678710556317	-15.1601471066	0.301543378496	2.25078912262	0.153267161618
TTGTAACTCTCCTCGC	0.394356863308	0.508711073201	65.164923572	0.394356863308	-8.17891966376	0.508711073201	0.775207940385	0.519324007263
TTGTAACTGCCAACTA	-0.198359656798	0.316440716266	36.5781710914	-0.198359656798	-13.2118068637	0.316440716266	-0.626846188251	0.594775743033
TTGTAACTGCGAGATA	-0.210166978218	0.086358431572	4.42477876106	-0.210166978218	-15.3832290908	0.086358431572	-2.43365904629	0.135384079429
TTGTAACTGTAAGAAT	0.582655317263	0.277831626429	30.1421292572	0.582655317263	-8.9303940818	0.277831626429	2.09715259832	0.170901267467
TTGTAACTTACGGACA	0.373082799677	0.559898160913	71.1718959507	0.373082799677	-15.6041874304	0.559898160913	0.666340462822	0.573769296079
TTGTAACTTACGGATA	-0.265519526845	0.0664665773139	2.41351568785	-0.265519526845	-6.52247585862	0.0664665773139	-3.99478260467	0.0573278355048
TTGTAACTTATACTTA	0.639738943078	1.91018844818	99.5172968624	0.639738943078	-10.3241068177	1.91018844818	0.334908811582	0.76955740078
TTGTAACTTCCAACTA	-0.127702148098	0.435648336629	54.7063555913	-0.127702148098	-13.0782644686	0.435648336629	-0.293131265198	0.797038950385
TTGTAACTTCCGGATA	0.164765219704	0.443826285956	56.2885492089	0.164765219704	-15.261999848	0.443826285956	0.371238083272	0.746097377861
TTGTAACTTGAGATAT	0.894816228136	0.320553438706	37.114507911	0.894816228136	-15.2015522253	0.320553438706	2.79147287188	0.107947128741
TTGTAACTTGATTACA	0.231935419136	0.275275392202	29.8739608474	0.231935419136	-15.7184495905	0.275275392202	0.84255776472	0.488173502976
TTGTAACTTGATTATA	0.255437656738	0.302203124209	34.7546259051	0.255437656738	-7.63723426178	0.302203124209	0.845251542012	0.486967314567
TTGTAACTTGCGGATA	0.231935419136	0.275275392202	29.8739608474	0.231935419136	-15.7184495905	0.275275392202	0.84255776472	0.488173502976
TTGTAACTTTGGAAGT	-1.5747008142	0.277476305236	30.0884955752	-1.5747008142	-6.93353910181	0.277476305236	-5.67508210426	0.0296744476744
TTGTAAGTACCAACTA	-0.388706421958	0.041305175263	1.07267363905	-0.388706421958	-12.2706776719	0.041305175263	-9.41059853838	0.0111041311383
TTGTAAGTCGAGATAT	0.0923698919167	0.413465639931	51.9978546527	0.0923698919167	-13.3738224031	0.413465639931	0.223404034086	0.843964404924
TTGTAAGTTACGGATA	-0.0346369704607	0.345623300559	41.3515687852	-0.0346369704607	-15.3080019405	0.345623300559	-0.100215958833	0.929313873081
TTGTAATTACCAACTA	1.19224087306	0.336659846969	39.8766425315	1.19224087306	-15.3771557634	0.336659846969	3.54138126002	0.0713119556908
TTGTACTACACGGATA	-0.452434197468	0.261769495475	26.4950388844	-0.452434197468	-14.9270370231	0.261769495475	-1.72836868042	0.226063271718
TTGTACTACGAGATAT	-0.508703310907	0.396598206505	49.6111558058	-0.508703310907	-14.7148203545	0.396598206505	-1.28266669532	0.328182796184
TTGTACTATACAGATA	-0.0404709635536	0.778932924726	87.7178868329	-0.0404709635536	-15.3837788856	0.778932924726	-0.0519569301398	0.963285671803
TTGTACTATACGGATA	-0.280532100586	0.329444817308	38.3748994368	-0.280532100586	-7.03471756881	0.329444817308	-0.85152986433	0.484167841077
TTGTACTGCGAGATAT	0.316486825615	0.272224315731	27.9699651381	0.316486825615	-15.4673916857	0.272224315731	1.16259572465	0.364960465054
TTGTACTTACCAACTA	-0.455857943848	0.272632751343	28.050415661	-0.455857943848	-13.7937377046	0.272632751343	-1.67205862686	0.236477442349
TTGTAGCTACCAACTA	0.0504458702925	0.39720546722	49.6647894878	0.0504458702925	-12.7059637908	0.39720546722	0.127001953537	0.910556004811
TTGTAGCTACGATAGC	0.0957364190309	0.564249635051	71.895950657	0.0957364190309	-14.7481689908	0.564249635051	0.169670325125	0.880879212382
TTGTAGCTCGAGATAT	0.134130499748	0.191849347575	16.0901045857	0.134130499748	-13.539013982	0.191849347575	0.699144935559	0.556828422588
TTGTAGCTTACGGATA	-0.311171190817	0.823352967922	89.3805309735	-0.311171190817	-14.7178561258	0.823352967922	-0.377931704798	0.741822003054
TTGTATCTACCAACTA	0.258143710228	0.553844038663	69.9115044248	0.258143710228	-13.8828468978	0.553844038663	0.466094590187	0.686983449076
TTGTATCTCGAGATAT	0.720778248832	0.53607499804	68.1415929204	0.720778248832	-14.9559951531	0.53607499804	1.34454740749	0.31096923411
TTGTGACTACCAACTA	-0.348676918411	0.36232253197	43.791901314	-0.348676918411	-12.5603663006	0.36232253197	-0.962338490283	0.437420868857
TTGTGACTCGAGATAT	-0.614965832528	0.55817149018	70.6355591311	-0.614965832528	-13.2107499519	0.55817149018	-1.10175070448	0.385431603282
TTGTGACTTACGGATA	0.715424190705	0.857228790289	90.3191204076	0.715424190705	-14.9757501495	0.857228790289	0.834577884935	0.491764461802
TTGTTACTCGAGATAT	0.755244290181	0.233710233496	22.418879056	0.755244290181	-15.8280952561	0.233710233496	3.23154137875	0.0838857903038
TTTAACTTACCAACTA	0.0584712025807	0.770319777219	86.9670152856	0.0584712025807	-14.5637927014	0.770319777219	0.0759051037114	0.946404130207
TTTACCACCAGATAAA	0.373082799677	0.559898160913	71.1718959507	0.373082799677	-15.6041874304	0.559898160913	0.666340462822	0.573769296079
TTTACCGAACCAACTA	-0.37668381341	0.381118941096	46.6344864575	-0.37668381341	-14.4158266237	0.381118941096	-0.988362877812	0.427154990389
TTTACCGAACGATAGC	0.266693122323	0.983606538525	93.9930276213	0.266693122323	-15.2386353949	0.983606538525	0.271138012891	0.811705891323
TTTACCGACAGATAAA	0.135633803497	0.879239217061	91.3113435237	0.135633803497	-14.0444272938	0.879239217061	0.154262686269	0.891563018875
TTTACCGATACGGATA	0.378389593199	0.34328866897	40.8152319657	0.378389593199	-14.3102351219	0.34328866897	1.10224900325	0.385258673741
TTTACCGATGATTATA	0.749400480112	0.645724357279	79.1096808796	0.749400480112	-14.7807167017	0.645724357279	1.16055786291	0.365625403372
TTTATCCTAGCAATCA	-0.0404709635536	0.778932924726	87.7178868329	-0.0404709635536	-15.3837788856	0.778932924726	-0.0519569301398	0.963285671803
TTTATCTTACCAACTA	-0.171349647874	1.04077248449	95.0388844194	-0.171349647874	-14.3351926212	1.04077248449	-0.164636988802	0.884365013073
TTTATCTTACGATAGC	-0.385467366555	0.301957220311	34.6741753821	-0.385467366555	-15.0531433823	0.301957220311	-1.27656283946	0.329942525495
TTTATCTTCGAGATAT	-0.369571210217	0.441744387207	55.6181281845	-0.369571210217	-14.6696322611	0.441744387207	-0.836617783768	0.490843966215
TTTATCTTTGATTATA	0.842929350897	0.928427803706	92.5181013677	0.842929350897	-15.439776039	0.928427803706	0.907910499376	0.45975903553
TTTCGGCAACGATAGC	0.598514173429	0.46301463575	58.6484312148	0.598514173429	-14.2567974626	0.46301463575	1.29264633819	0.32532999994
TTTCGGCATACGGATA	-0.210166978218	0.086358431572	4.42477876106	-0.210166978218	-15.3832290908	0.086358431572	-2.43365904629	0.135384079429
TTTCGGCTACGATAGC	-5.41499276098	1.92355979192	99.5441137034	-5.41499276098	-10.1357979592	1.92355979192	-2.81508938986	0.106421157452
TTTCGGCTTGATTATA	0.344504514946	0.228726907289	21.346205417	0.344504514946	-13.3464363261	0.228726907289	1.5061827182	0.270986412183
TTTCTTTGACCAACTA	-0.640261546837	0.770393931055	87.0206489676	-0.640261546837	-14.2822807321	0.770393931055	-0.831083321178	0.493345424897
TTTCTTTGGTAAGAAT	0.886139188765	0.180069245101	14.8833467418	0.886139188765	-14.905369395	0.180069245101	4.92110236965	0.0388994099952
TTTCTTTGTACGGATA	-0.750624537931	0.988493241472	94.2343791901	-0.750624537931	-14.6410584581	0.988493241472	-0.759362336977	0.526932703555
TTTTCGGCACCAACTA	-0.679997222496	0.338025841193	40.0375435774	-0.679997222496	-14.8391840012	0.338025841193	-2.01167230321	0.181924248001
TTTTCGGCACGATAGC	0.837000426111	0.45950113599	58.1389112363	0.837000426111	-14.9103181743	0.45950113599	1.82154158184	0.210114098286
